00000
00001
00001
00003
00005
00006
00007
00007
00009
00009
00009
00009
00011
00012
00012
00019
00019
00019
00022
00022
00023
00024
00025
00025
00026
00028
00028
00030
00031
00031
00032
00032
00033
00035
00039
00039
00039
00041
00041
00041
00041
00042
00042
00044
00044
00045
00047
00047
00049
00050
00051
00051
00051
00052
00052
00053
00057
00058
00058
00058
00060
00061
00061
00062
00062
00063
00063
00063
00064
00065
00066
00066
00067
00068
00070
00070
00071
00076
00078
00079
00080
00080
00080
00081
00081
00081
00083
00083
00084
00085
00086
00086
00087
00088
00089
00090
00092
00095
00095
00100
90027
90151
90193
90266
90396
90439
90442
90543
90701
90798
90817
91028
91078
91086
91147
91165
91330
91337
91528
91608
91769
91950
92018
92020
92149
92327
92437
92443
92626
92637
92687
92740
92756
92894
92938
92983
93060
93188
93230
93351
93595
93777
93803
93981
94145
94210
94630
94688
94925
95007
95035
95100
95101
95268
95340
95360
95419
95465
95517
95532
95669
95896
96002
96094
96298
96341
96387
96391
96428
96473
96474
96479
96820
96851
96868
97067
97154
97201
97208
97347
97431
97441
97499
97720
97875
97896
97910
97930
98047
98076
98343
98415
98537
98563
98680
99100
99210
99518
99668
99894
