2000 3
014
049
048
039
015
019
048
047
031
027
048
005
005
042
027
047
008
036
013
015
003
006
020
006
025
047
028
012
012
004
032
004
043
020
017
004
001
038
037
050
047
035
000
039
023
005
026
026
030
028
034
041
036
007
017
047
019
006
000
049
014
008
021
006
032
010
045
028
022
046
004
005
036
033
012
011
019
040
030
014
029
033
011
021
021
007
024
044
020
035
017
003
001
004
005
011
027
027
018
022
009
009
039
004
023
035
036
037
011
024
035
026
049
029
020
045
022
000
026
050
005
028
028
027
017
031
003
007
009
044
017
012
039
028
017
021
022
020
040
035
036
048
039
003
024
010
041
007
036
027
050
023
044
037
011
039
003
030
045
025
048
000
011
013
022
005
039
014
013
032
022
006
046
012
042
004
010
019
044
014
040
015
035
018
041
005
011
012
032
021
029
016
024
003
018
021
017
040
039
038
032
010
026
033
027
013
011
048
021
038
036
048
004
018
017
000
036
002
024
024
048
043
015
032
037
049
049
028
039
042
008
032
007
009
035
041
021
022
014
007
018
011
000
048
025
033
034
046
010
016
014
035
044
026
005
000
023
026
007
033
023
021
016
028
009
045
018
041
037
025
004
035
043
015
021
028
020
021
018
005
023
042
046
026
050
003
021
040
023
032
000
033
030
006
022
015
010
022
031
038
003
009
012
034
023
022
013
034
015
029
022
037
009
023
048
005
034
037
022
015
041
025
006
049
006
019
016
040
014
036
017
046
042
029
019
039
039
032
019
037
000
020
017
015
014
012
035
007
017
005
037
025
007
039
032
003
037
024
034
006
043
022
001
011
017
002
036
015
028
015
047
007
022
027
045
003
048
043
037
011
017
017
008
010
037
008
010
033
016
015
001
020
033
018
004
014
025
014
039
019
029
046
023
037
033
045
038
046
034
002
017
017
028
027
037
020
013
044
017
040
002
014
025
008
030
033
001
035
005
001
048
012
029
021
046
019
045
045
047
007
017
001
046
031
002
023
017
025
019
018
022
013
049
007
045
007
035
042
029
030
011
043
046
006
028
022
018
008
007
046
025
015
007
048
050
021
025
039
044
044
042
007
016
032
009
016
001
009
014
021
009
035
019
028
034
027
000
041
005
046
029
041
000
020
006
026
023
016
036
022
025
015
046
011
018
010
044
034
034
033
031
019
001
038
041
001
031
022
028
018
001
033
046
039
010
033
049
027
035
049
039
033
039
034
035
042
031
047
002
025
026
008
024
008
019
046
048
020
049
007
015
047
019
000
012
020
001
020
035
021
043
002
008
049
031
034
025
022
010
043
033
006
046
027
037
035
046
036
014
007
010
048
003
022
028
028
027
026
002
028
002
005
041
009
035
018
023
018
030
041
010
008
005
040
045
007
022
041
042
016
005
003
022
003
026
021
009
049
043
008
048
034
045
039
045
043
047
038
031
035
050
046
002
019
041
012
031
018
042
010
025
034
015
021
021
026
027
044
017
024
025
014
034
034
014
032
030
002
030
034
037
016
023
025
050
014
049
044
033
003
033
018
023
034
049
021
037
022
043
029
050
028
021
034
016
026
041
024
015
017
046
042
029
045
011
021
048
011
039
023
031
020
025
040
011
024
019
041
018
001
050
006
046
041
026
042
049
030
001
016
013
003
017
040
042
026
047
008
042
033
004
043
010
028
023
005
039
023
015
025
030
024
038
036
045
023
030
045
017
034
023
046
022
029
049
050
007
007
005
000
002
019
023
006
008
045
012
030
005
044
009
011
018
017
022
047
048
013
024
036
018
039
028
013
027
022
022
006
001
001
023
029
045
017
050
034
015
040
018
001
045
011
001
003
043
049
030
000
046
050
025
009
029
009
012
046
024
048
049
048
018
018
021
018
027
007
003
017
016
034
001
035
045
038
003
035
007
042
049
020
028
027
007
005
034
012
008
048
047
030
023
001
018
006
035
041
013
036
044
017
027
017
007
031
040
037
000
033
016
031
033
042
005
031
023
025
048
027
046
005
014
006
013
043
033
003
007
003
000
030
015
010
016
036
047
008
002
041
039
032
035
007
043
023
013
019
032
043
011
007
031
039
028
023
044
021
020
049
018
010
037
045
050
032
036
012
003
044
037
023
000
032
031
017
002
028
033
027
021
019
025
041
049
013
025
019
015
011
039
049
016
035
013
031
041
042
012
012
006
047
040
042
008
001
009
007
017
004
047
033
041
007
015
005
030
003
003
022
042
019
044
033
033
003
006
008
021
001
050
035
047
002
012
005
007
008
049
027
029
019
018
015
028
015
007
017
049
003
018
027
001
008
014
047
029
018
045
005
042
005
012
015
024
020
000
037
036
012
001
009
013
018
013
015
005
019
037
020
008
029
049
001
024
037
024
003
049
049
002
014
046
002
007
005
035
008
028
006
013
046
050
025
012
009
014
012
029
011
042
016
029
043
029
026
002
000
045
022
007
047
050
013
041
000
032
022
005
007
029
023
050
040
045
043
004
024
008
028
014
000
015
044
044
014
031
021
022
027
040
032
032
044
050
009
029
022
049
036
032
000
016
024
017
018
009
005
025
003
020
003
010
004
020
004
025
030
039
016
040
008
010
012
009
030
050
007
037
017
039
020
036
014
007
002
034
040
022
018
004
024
002
021
009
008
023
018
004
042
013
042
000
005
037
027
046
023
004
014
042
038
045
013
047
033
022
037
043
019
033
036
019
030
000
041
038
037
041
001
023
023
009
002
040
025
034
042
006
020
024
019
045
012
003
043
039
039
016
045
020
000
005
012
026
034
027
004
043
024
022
035
016
018
028
001
042
049
003
036
039
015
004
006
025
050
010
012
001
049
049
049
031
017
016
047
039
002
035
003
038
040
028
041
042
038
045
044
013
015
000
043
005
012
029
047
039
029
018
039
040
021
039
003
032
025
005
018
022
012
020
009
000
046
003
023
046
047
022
036
043
050
009
008
018
036
032
024
050
020
019
036
025
009
041
005
035
033
006
010
044
023
003
010
033
006
032
022
011
034
044
005
049
007
025
047
007
013
024
037
018
040
035
033
022
006
031
049
045
035
006
043
047
023
010
000
002
029
042
022
016
039
015
032
005
000
049
030
040
037
017
003
040
023
025
001
023
006
038
029
024
007
050
011
037
019
050
029
032
004
029
014
048
006
013
049
012
014
001
019
035
007
020
023
039
014
004
049
044
046
048
006
012
022
004
013
050
003
024
016
014
014
012
049
034
005
034
046
014
021
046
046
024
042
040
045
029
049
020
002
031
049
016
018
050
028
005
043
030
023
024
049
023
003
026
021
049
004
035
030
023
019
041
035
049
014
013
046
047
016
048
015
025
003
013
049
009
005
028
043
026
036
042
026
033
040
007
005
017
011
030
006
014
035
023
005
007
010
007
037
028
012
013
040
017
050
021
044
015
032
026
014
032
012
001
047
049
048
046
014
018
015
025
039
004
014
037
038
041
037
017
004
020
001
011
008
005
029
044
001
030
040
050
006
002
026
000
048
028
028
040
012
017
037
037
009
029
032
018
035
010
033
041
034
032
050
018
026
041
026
046
032
028
003
000
035
010
012
021
033
009
034
001
022
031
032
026
023
042
018
028
014
006
023
044
035
006
027
003
009
011
011
047
048
030
006
028
035
015
020
031
019
017
015
017
032
029
041
037
037
006
048
043
028
039
047
036
004
034
019
010
027
033
006
046
024
028
040
023
019
026
050
019
016
020
031
021
041
049
047
027
041
016
031
033
019
026
042
025
010
033
002
018
029
026
004
013
014
023
034
003
020
034
031
040
006
050
033
017
046
044
014
017
031
047
017
024
028
030
026
034
007
014
023
012
026
022
010
045
015
001
016
050
030
015
035
014
034
004
046
025
023
019
024
044
006
008
025
020
023
028
024
033
047
029
024
004
010
001
007
031
040
048
029
036
004
004
050
031
029
027
040
009
023
046
013
016
004
004
003
038
048
013
048
019
013
016
001
042
024
020
011
013
041
040
018
050
033
040
009
026
041
004
032
000
029
032
038
041
032
019
037
010
023
023
011
048
024
019
015
032
033
009
011
027
045
038
023
001
032
033
031
019
031
022
020
033
042
023
004
033
020
042
001
005
023
040
007
021
013
007
032
025
033
024
045
020
044
011
005
031
008
046
014
023
046
030
026
016
036
021
025
002
041
013
036
004
005
017
005
049
016
002
043
029
034
000
010
038
044
042
047
032
041
001
030
028
020
039
040
012
020
007
012
044
029
043
039
041
019
039
013
023
011
039
021
018
000
002
023
031
024
036
024
038
023
045
004
020
026
047
015
035
049
048
049
046
039
001
028
019
010
034
010
050
000
007
020
000
002
007
029
021
018
034
036
006
014
050
000
023
033
013
037
014
019
036
023
041
017
001
007
027
011
009
016
025
005
027
023
042
041
000
008
027
033
016
028
024
024
049
026
050
015
014
037
040
030
019
037
007
033
030
003
003
048
043
015
035
030
021
032
009
026
021
025
024
011
001
029
030
005
