000001
000003
000003
000004
000004
000008
000008
000009
000011
000012
000013
000014
000015
000017
000017
000018
000018
000021
000021
000025
000026
000026
000029
000031
000034
000034
000041
000042
000042
000043
000045
000046
000046
000047
000048
000049
000050
000051
000053
000056
000058
000063
000064
000066
000069
000069
000074
000080
000081
000082
000084
000086
000087
000088
000089
000089
000091
000095
000098
000100
500001
500002
500002
500007
500007
500012
500012
500012
500013
500016
500016
500016
500018
500020
500021
500026
500026
500027
500028
500028
500029
500032
500034
500036
500039
500039
500040
500044
500047
500053
500054
500055
500056
500057
500060
500061
500061
500063
500068
500068
500069
500071
500074
500077
500081
500082
500084
500085
500086
500086
500087
500088
500090
500091
500092
500094
500096
500098
500100
500100
999901
999902
999902
999906
999907
999908
999915
999918
999922
999923
999926
999926
999928
999929
999933
999934
999935
999937
999940
999940
999940
999940
999942
999943
999946
999947
999947
999948
999952
999954
999954
999955
999955
999957
999957
999960
999962
999964
999966
999967
999967
999967
999968
999970
999975
999976
999978
999978
999980
999981
999983
999983
999984
999985
999987
999990
999993
999995
999995
999999
