220 5
00333
00157
00297
00169
95288
96588
20031
95160
00411
94894
20577
20518
00480
00463
20496
99267
20456
20374
99905
00009
20429
95048
96233
00242
20142
20807
92747
20565
00323
00019
90041
00046
20292
00170
00207
20993
92897
92065
00023
93845
00115
20060
20728
00424
00009
93461
20840
90619
20153
20633
00151
97963
00306
00262
20446
94975
90303
00371
20185
95836
00434
00326
90909
93586
20682
95282
20033
00207
20212
99703
00306
00035
20189
20430
92611
90259
00197
97074
00474
00113
20414
98436
20411
20185
00006
20423
94381
20022
00067
92209
00124
20439
20369
20441
92477
93197
95377
20769
20383
00184
00486
20736
20515
93826
00186
93063
00209
00328
91103
93425
00127
92029
00138
94481
96134
00022
20554
00032
20931
96724
00303
99303
00311
00386
00371
95242
00004
99033
20569
00210
97776
20693
20494
98114
20207
20953
20769
00113
95499
99135
20576
00481
00498
93542
96379
98130
00134
00277
00107
20762
00164
20138
20468
93106
00015
20227
93169
20323
20573
00160
00228
91501
20087
20099
00408
00119
00174
96340
00291
20515
90115
20813
92563
00087
00348
20885
20805
20387
00345
20350
94366
97437
20049
95848
00207
00040
94472
00333
00054
00191
20722
99451
90356
20686
00287
00189
99364
90979
20668
95649
00355
20937
00455
20169
00434
00034
00429
20579
20076
20931
00122
95275
20571
98872
00198
97771
92513
00091
95085
20216
