4000 6
000587
000128
948065
926035
000526
919218
917050
942614
000345
000397
000559
000058
000420
961824
000096
000854
932291
000063
000680
000810
922441
000439
961670
000704
000265
932332
909132
000520
000239
927344
987943
963910
000512
903753
909241
000517
000518
000071
000135
000720
999127
000054
953496
000590
000671
973884
943076
000944
000053
912518
965391
000244
956506
917973
901390
961729
000568
938689
902922
945933
000550
937666
000743
917546
000083
952451
924492
976767
000072
000990
000404
902500
991154
907482
980500
986720
983348
996592
000734
000305
913914
959228
966502
000920
000095
000390
000269
989553
000961
000872
000561
974336
000440
911287
000893
971643
000625
000612
960075
961337
956739
000150
000319
000872
000515
948936
937000
951839
000992
938346
974552
923741
998140
986880
000441
000436
959160
902645
000691
000236
000820
900589
906539
000059
960213
906762
000918
000018
000255
000982
919596
000869
000214
992782
996608
964489
979054
958580
948665
969882
000183
985192
000766
931146
921518
953294
000369
000079
000064
000316
000831
000310
000381
000645
000785
989564
948093
000231
000516
911140
000992
935661
000697
994515
997153
000371
984397
914840
000927
000708
000277
932298
000004
920529
974144
000101
000123
925803
000477
970936
000324
000878
999539
000786
000243
000447
000295
912418
944261
000738
988679
954253
970226
925032
000825
000794
909146
962034
000763
000786
000288
000309
000747
000071
904952
000158
902844
000149
957615
000882
000056
954425
913847
000924
962352
940923
000560
000291
964976
000520
931675
916124
000601
912025
000645
994729
000092
000837
000989
948270
976051
000871
929522
901382
989945
952924
958312
901193
936647
910665
000378
000800
000115
000522
000749
959240
913242
000232
000603
000564
916104
963698
928243
943977
000504
000924
953693
000469
927994
000561
000063
990283
956389
000811
979549
980868
950798
000765
000868
932261
920801
920651
000906
985476
948338
905083
910880
985137
947832
902484
000717
992909
959115
971294
000781
981072
961879
000278
000502
962995
917382
000307
934727
000716
000781
936060
994650
000807
983389
000135
932330
973998
000397
976254
966884
906679
982039
000775
945564
972407
916626
932189
945757
951771
000025
998894
987838
969833
000075
978657
975850
000570
000336
000457
936114
000041
000258
988393
904001
000291
000494
000597
910364
000302
954134
940657
000265
000977
921571
967241
000495
965271
916183
000794
901241
000381
000008
916015
984414
953610
000718
000545
000965
000523
924916
939144
000534
936950
948658
000168
000533
992211
933626
977050
000456
000831
000937
941385
000149
998488
000229
914541
945206
925922
000862
978453
903325
000399
987567
000019
956192
937187
905492
923152
000088
000752
996108
924776
948989
000058
901756
951390
973635
998961
000130
907553
905532
000615
000140
989757
992928
000603
995688
926000
000667
973544
995221
000769
987868
954753
919712
951001
000926
000568
990805
000849
918051
000437
988154
000966
000832
977125
000973
000161
921343
000228
000430
978159
000892
000128
934664
900165
000115
959802
990241
913287
956707
918214
000437
000436
000264
000403
984899
982165
000579
900891
998376
916616
973492
990040
999157
000959
970829
000349
000923
990494
924856
000944
000638
915295
982437
000351
000213
000726
000819
935543
000524
000906
909791
000644
931046
918871
000590
903054
000379
000925
000051
000652
000526
983169
000425
968490
929779
000754
938790
961874
913270
000163
000021
000482
966237
000926
912781
978334
000623
000432
000400
933075
000977
936626
000992
969260
972206
000438
917240
000589
000868
000216
000208
930080
000863
000830
000489
964421
908799
000735
000787
992739
000628
000897
999692
000984
000512
931716
000545
903303
954537
000365
996878
990169
974430
000223
000650
000864
995587
941512
000736
925250
000479
954677
954599
917028
000657
000205
000122
970388
000705
000310
980985
904971
000809
949570
995778
982236
000768
929003
946166
000206
929395
973969
000888
000518
000859
000149
906724
952861
000837
000478
915119
962467
933609
981460
938868
000271
000606
986622
958887
970215
934384
951900
000090
942915
000516
000517
000342
000756
000427
924224
000161
000447
916810
985818
000056
900235
000685
959445
954268
900800
967228
000004
000665
000569
911594
987748
000324
946127
962815
918160
940384
000693
990353
937734
000850
996200
000553
984280
000318
995350
975081
991542
955454
969289
958606
000247
992047
996555
995722
000066
935955
000182
904047
000791
000990
000002
000781
951193
966144
986559
000544
936928
992008
000675
000809
987568
000893
000505
981339
905360
980417
913407
994797
000336
000688
000421
000614
000463
904343
000287
000559
000507
906647
907545
978978
946409
000229
000950
000291
000533
949820
000079
975776
991858
000835
000856
000330
936088
933192
000681
000613
938056
000246
000146
901415
902737
000860
000217
932958
000890
906920
968903
000132
915284
000909
967118
000456
000580
926182
913245
932941
000851
000361
000110
962137
000610
000047
000572
000737
943450
984036
000172
000236
000975
000089
000162
901778
930285
938118
000277
944864
000300
920766
995954
961446
000700
930533
911964
997521
941158
937115
000686
000508
920247
986675
000740
000077
932532
995050
000352
000143
000800
970989
974877
000898
000844
000263
000830
000287
922934
935649
991622
934367
964833
000328
000127
980064
000731
938798
902695
000881
945660
000572
935345
000953
000184
000256
000563
934085
955818
000952
000998
000438
000860
000008
908128
000179
944210
000880
000465
918584
000043
921066
000311
000464
000267
903032
972605
920824
969336
931279
902722
962685
966713
913673
978221
961155
000573
998152
904020
000098
928431
921114
961520
981919
967910
000255
941824
000707
989267
923165
000345
000124
000616
925686
000770
914196
905415
951899
938979
000751
951034
968086
000248
000987
981360
948001
950143
910346
000307
965254
000131
937587
925174
000239
000666
000242
991380
932496
000790
967294
958268
000531
974885
935637
997020
958869
000248
000656
000940
964688
000270
919792
960891
965446
972163
000384
000191
920385
000908
000710
976540
900102
000113
994132
936730
939843
000462
000455
923116
919510
000045
953331
000987
956740
988143
973673
914172
967726
000032
000592
915301
920420
000842
954281
904555
000862
000343
965624
980967
947516
000252
000106
922877
000926
995201
000373
000718
938987
000824
999862
000262
000716
000039
000057
000722
965647
000521
000737
979327
902430
942277
000954
000394
984832
000636
967967
987743
000168
000262
931943
917451
000705
945502
901458
000851
944532
000233
908830
000427
952863
954773
929764
000977
000014
000642
964466
976016
909709
000355
901625
904998
000762
989113
000047
000268
000920
984644
932323
000118
939012
944000
912645
906787
000732
935752
000600
000697
000961
000314
000369
000325
000579
981565
958114
000414
906441
000036
965901
000471
926205
000610
000372
978299
000492
941174
000893
971736
000029
948024
000468
987318
999832
973394
922970
000481
000399
963912
900848
000919
935838
000167
990629
000489
991251
983678
988411
965230
000306
951367
000373
000272
000296
000356
998909
000114
000650
988874
000203
945177
914436
000888
000299
000528
000447
900607
942625
958342
000471
927327
000175
000794
912259
000538
912904
000101
000280
990736
979364
000211
982970
000453
000970
000952
000223
000024
950866
998186
967965
000781
000059
996158
000876
912837
962345
000170
935997
000324
000444
924684
934180
990139
939257
000070
994894
000449
000570
000423
951275
951052
930003
987451
920322
912527
984690
970830
918739
000916
987398
000519
000659
000953
000713
000208
000273
000854
000433
000038
981952
967625
982011
991896
000814
957639
980088
908994
000683
000421
998592
932852
946671
000582
000055
000691
000297
000036
987410
000694
980901
958997
000773
926319
966440
000101
900624
950718
986364
907423
000316
000063
000590
981863
971619
000164
000184
967858
000982
000971
000818
000686
000481
955556
916397
000680
000396
924406
942784
925586
000518
937305
000148
993654
000539
000013
000172
934806
968211
000611
938236
000441
000499
928958
941400
903698
000125
941323
000941
925773
955883
000939
981647
000936
000336
927807
905315
910129
000724
965759
930459
961886
000156
954940
000444
000279
977880
000859
910942
915435
000894
000665
000914
000681
000548
910746
001000
000820
000193
981827
000346
000881
971927
000908
904195
921022
966573
919784
975869
990558
000681
919700
981514
000885
000977
000945
000401
951349
000428
000303
946899
000559
000645
000800
000372
906937
976208
000959
000210
000012
992728
997432
000772
000463
973606
953250
000675
973696
973624
938941
907923
000909
955842
983865
000658
000988
975411
000319
904271
000719
971046
000905
991172
942697
910368
929520
000790
991907
969500
000197
000159
000585
999507
993467
974586
945266
969220
000973
989411
915178
957350
956864
000670
964977
914616
000763
975650
000766
905454
000048
000080
997601
949390
000788
948283
901302
000108
971605
000626
919377
000323
000997
000332
970543
000443
000712
000372
938842
000251
948090
000738
996592
983066
936502
917618
908113
972877
905215
917436
000936
961310
938237
949752
929572
000047
923444
949741
909826
000988
908857
990980
000168
000863
969352
974028
000210
000041
935158
978115
000377
965231
000722
000206
000548
000164
934166
000673
000492
968790
000139
000256
901975
980602
000400
000930
000069
000955
000945
000682
994157
957674
000391
000800
000103
900328
000718
993836
000791
000894
963694
916418
000014
000504
960587
916561
000462
990319
000868
000445
962063
947695
965028
902596
000228
992824
000812
917552
000076
934385
958734
956908
000391
903787
000463
000951
992782
000819
956991
935640
000548
000819
925529
902580
950130
964252
977521
000131
932229
973367
963841
000286
943996
000252
992175
947494
920184
000016
942571
983146
000076
000264
000233
000055
000580
900619
914782
975893
000924
000684
918414
000748
941383
000359
000144
000562
000526
000093
000418
939554
000750
000194
932202
981275
000930
000082
963266
000180
997284
974997
000006
000087
995058
992927
909285
000877
000640
000725
000243
921781
000753
945151
000895
000161
000779
930646
962708
904608
000006
000025
918037
997151
000862
000273
978640
921707
000937
970267
000114
992538
000266
913370
001000
940539
963612
946876
000653
000007
000055
957357
914867
000889
920338
910702
965367
000701
000398
000798
965666
918315
962565
000013
947116
973686
916945
000470
981377
000978
000307
903414
954392
000744
000336
931652
964016
965879
000738
914250
000127
903718
960350
961570
965544
907796
000545
000409
000995
913770
934426
998769
000352
979814
965488
000435
910793
914553
908663
000401
000401
969195
000743
946084
967727
972752
000482
000889
000058
000608
000367
000969
000375
000417
000504
995573
907604
913728
000583
000965
958158
000418
995905
922935
948431
993249
000930
954087
000725
000470
000152
926424
948455
999470
000702
000227
999247
993488
000101
966931
000194
992548
000543
984321
997969
000165
000776
969949
000917
916586
000580
967674
914982
000820
000425
000507
000257
916623
000145
000160
919850
000069
989206
000884
000194
000337
952400
000350
915729
000944
000983
954049
000369
000821
000354
000294
000619
000017
975087
916013
000101
901474
000186
000082
000101
000616
000016
000286
989962
000817
000411
962819
919154
000325
000840
951312
946972
000911
000777
912949
901789
000005
992475
902149
000838
000222
967984
000320
000467
988426
000641
971266
000482
000252
000826
947850
000459
000141
970913
965723
936155
916477
992732
000129
994851
000355
000303
900905
990355
000024
000050
000995
000911
000512
000432
985141
921882
000185
000871
000631
000124
000963
926557
000855
000271
924731
949948
000055
977388
000173
000090
000179
951434
000728
947046
000818
000344
000420
000299
984889
962576
947440
930164
995680
910534
000108
000880
000019
919274
000553
908839
914852
926464
000094
973059
955464
000206
000549
961029
000080
000774
000634
992606
923792
981390
000286
959462
909919
960109
953595
997604
000612
000481
000683
934405
938167
992467
983343
000065
987778
000162
000775
000495
969921
921946
925182
000920
000527
914985
913311
000917
905929
997474
937846
946953
000583
917418
941501
956082
000753
936693
944775
922296
978663
000184
000789
000952
970864
000320
000279
000508
000650
961774
972395
933289
989353
982854
910625
000617
952113
918901
000830
000502
000560
938810
000475
998895
000697
000744
000353
923784
000241
927580
970863
000142
982413
000328
908585
000951
959518
953421
983683
000307
000935
971476
958146
000551
000902
000486
956987
000466
920069
971746
000169
904583
000574
000489
000882
000764
927655
981267
000544
000836
000842
000679
000395
964011
000372
000381
000628
902820
000848
000803
000958
000005
000242
000631
946617
000537
927034
948880
936275
000252
000060
943174
961752
973772
000546
000397
000278
000739
000814
949665
000998
917583
000216
000506
000262
000248
000837
000482
000055
000615
928066
000509
998148
000796
000210
995722
000608
930649
926170
982936
000843
900512
000359
999147
000047
000993
949465
000196
915041
000107
000805
944423
910335
000456
996929
000140
986136
000515
962581
952271
924082
000655
000370
959956
990021
000242
983405
000955
974640
968437
000487
929486
983226
954479
000646
000155
949425
000805
928364
000854
000767
000739
000622
970205
956534
000041
935229
963206
933165
000767
000191
000570
000676
989202
914980
000641
946621
000061
928023
937714
000035
000653
000091
000089
991008
000474
000013
000100
965911
000314
000958
977840
962503
000599
000377
911666
000727
000841
901378
984861
000873
000082
955673
000968
996325
000392
000663
939232
999200
994862
955612
000755
938280
000244
000111
982446
977573
000963
972095
000179
969676
996008
000601
946566
000647
902936
911366
000108
000333
979991
000779
903577
900360
000695
938674
000599
000191
000333
000476
000390
000875
924072
000917
962866
000833
982916
000185
954692
939056
912781
000939
000786
000059
993601
931444
000544
923363
000826
000737
000349
000513
000062
954457
000795
000679
968030
901888
000813
925403
909026
961508
000625
000472
000985
928462
000606
914307
000320
951790
000212
000181
955987
000607
000798
000178
909161
000027
000483
000206
000142
900842
000663
920454
992154
922116
947301
000347
981420
926886
948576
000443
937149
906965
990432
000884
000606
000286
941743
000416
990571
912129
000855
966025
000333
900093
961562
000184
000962
908397
997665
916461
998597
914238
000365
000306
000856
000647
000899
000678
915902
000585
939670
920405
000568
000194
000565
995896
917274
985750
963882
000713
000364
934269
966790
916060
000421
000778
000876
968423
978246
924290
995466
995924
000542
979620
000312
909857
930158
000757
950889
000253
000149
000310
000745
992019
000548
974505
000933
932141
000372
933065
000842
000748
000742
995926
909841
966772
916146
943164
936086
000413
000989
000606
922117
000766
000845
902417
930332
901472
000867
000533
958957
000250
000245
000668
000745
947198
000588
000960
924391
000825
000607
000684
956772
000433
000661
000465
000216
000574
994160
000280
000432
000786
967946
995428
000163
000089
923162
000262
000717
000764
000226
974806
944190
000844
000309
947303
987073
933922
941739
972781
000425
948919
000422
000500
000654
913818
944386
000698
000963
000876
936569
000687
000553
909356
989414
000115
960993
942394
000187
000273
940418
946451
982649
913897
000262
929317
000146
000270
000642
957384
000612
000178
000269
901644
000917
000933
000586
000153
942276
000649
921115
000304
912756
000465
911071
000636
000529
000293
928350
965444
910893
000437
983629
937223
000387
956030
000740
914984
000216
941821
922146
916157
000351
000804
000263
000971
000512
000471
928116
000287
000868
935688
960827
932630
992750
966542
000672
903938
972165
000553
910629
000225
998922
000006
956155
000006
904174
901612
000509
912337
000092
976920
000320
900130
984289
000610
941058
997987
949744
000991
000025
907297
000072
000145
957216
920557
978994
000011
966716
000133
000571
000051
921929
948916
000517
000332
000885
987787
000474
000970
000736
000920
000026
942297
000035
950627
000753
977185
000733
000027
955414
000141
000460
940538
920300
946309
985518
000095
000506
000593
922666
000838
000726
000623
000113
947298
000319
938048
000376
000390
905192
952276
988520
000234
000087
000502
906154
995746
000244
000983
000526
000300
901074
000867
984363
992112
914445
945182
989431
961742
925982
960313
972046
000229
000928
945633
931890
000673
967209
000615
902451
903618
000525
981437
000912
000625
000568
000486
000238
000226
936502
951095
901891
947309
961153
916707
000507
000100
000718
000735
907578
000382
000277
000785
930965
998580
000203
000765
000397
954983
998540
000378
908327
000016
000118
964911
000255
902269
900153
931971
000087
000574
912782
000692
971721
000017
970630
905136
959133
928627
000785
920691
000036
000494
000232
951664
912205
976985
000542
980891
954938
000993
000651
000192
000095
968493
000203
915249
000217
000992
947613
000271
944592
000650
000447
000486
922403
000936
000205
000895
920631
944309
931213
900305
000685
000127
000497
000716
986144
000859
966648
000701
910349
000506
000113
980903
000389
999405
000360
953693
922044
000135
920716
000594
908023
961671
992252
954504
000331
964960
000629
000822
976519
000948
941895
982774
968262
000168
000546
947743
000040
960504
000543
000547
000929
000265
000371
921904
957058
000422
943520
000328
949215
000840
000300
000883
000402
981035
000494
924199
911130
000295
000331
984382
931374
000048
989416
975085
000682
917482
000394
957773
000652
937636
957992
000328
000591
960724
000408
000988
000684
000526
959382
000839
000969
922232
999776
915192
000286
000491
000777
000097
934511
000956
986921
946777
000701
000243
000234
000592
993467
000892
000119
000661
000782
000678
000209
913040
000841
000780
951378
945562
924315
000107
000063
982632
926473
000774
000063
948788
000737
917471
000125
000419
901590
000253
992390
972768
957045
944408
943436
000406
000640
000745
000544
940263
932433
000029
000663
980553
945895
962732
000029
000149
000207
000404
964555
935475
908846
000284
000274
978490
966143
992693
000533
000281
000810
979573
000320
904097
962134
945913
000590
000439
936769
958610
989102
000245
000250
954845
000709
931826
000664
970529
916371
936572
000323
000005
950158
000742
000614
926172
973293
904210
928354
959143
988270
995671
000714
000927
906393
942185
947007
000552
904222
000083
000012
911348
924943
000743
903459
932773
000859
000546
963532
930569
000590
000855
962881
000508
976466
931497
941845
988888
938944
000495
000395
960770
935561
965099
000247
000820
000157
000432
000847
000468
000206
992330
000156
912474
000365
000421
000680
938519
940285
000216
000332
941250
000767
923099
000365
903146
954842
964120
000728
935490
946465
000361
000472
000854
000213
967867
944258
993354
000095
000444
000437
000868
000258
000794
923252
000861
956432
921765
955048
944798
911682
000671
000628
000644
933560
000962
000971
938871
000255
994096
000549
911067
000049
902703
000116
000754
000253
000447
918616
000725
000844
000853
911777
000234
908209
935371
000398
000030
000849
927312
000322
937265
905157
997533
000549
000795
957082
000741
000052
000712
952431
988293
984206
000795
963380
000900
000619
000682
967999
000815
929710
000304
000034
934073
952855
000346
000402
000407
913388
000246
000915
000972
904036
000898
000248
923908
000602
000997
925778
000316
000619
999885
908300
946689
998791
000403
000733
000509
986735
000309
944336
000839
967956
000709
000060
922241
967757
918840
987529
984794
998970
937320
947931
000141
998907
000977
940048
000004
919669
946476
000219
927235
000610
943456
904458
917209
000802
957300
953340
943740
956530
000773
960941
000754
000087
000499
000912
977386
000088
942633
000885
000721
923156
000775
970484
000173
949802
000352
000003
000269
000196
000276
000981
000449
950297
952399
000239
926599
000570
000241
000005
000236
000341
000487
995011
000010
952360
000776
990070
992037
994806
978640
000502
940985
000755
907555
987894
977626
916391
000535
978922
000090
000541
000533
968429
988258
948548
977539
938706
989921
000598
000175
997179
917189
965446
917222
000768
900436
940683
000874
934897
000951
000720
000474
922145
969755
906776
956374
000354
924944
925999
000247
981396
967660
000661
942213
000839
949734
919388
000477
000289
000252
000191
973639
000250
000716
949326
987299
000050
917280
000033
000538
000733
991045
000036
933698
000880
962922
920905
000823
000850
000706
000794
979857
951908
953645
988171
000140
982211
945440
000447
000332
000820
993412
000722
916606
000087
000737
938023
000978
000974
937302
000512
000808
908268
000166
000554
941633
000425
919250
953042
000768
000018
920325
930393
000403
000466
000046
904754
930781
000072
917845
925808
962248
000251
000940
968444
965150
000862
954002
928843
906267
000616
982677
000267
989155
000152
000676
900677
904397
000218
000400
957565
961293
000468
000571
000931
987201
938555
950548
000028
908854
000117
000048
916990
977304
976436
000261
000407
949349
978253
939588
000229
902142
907014
932091
000494
941221
932976
903190
000754
000001
951915
000756
000470
000096
000211
000819
000736
000305
000047
000965
948530
000096
000471
000935
000698
919556
000908
908451
999036
920123
000426
966833
972053
901824
936711
000449
000518
972622
000006
000104
000795
000480
000462
952855
000221
000023
977512
927902
000681
928482
000853
000819
000260
000011
000023
941031
980184
961360
967763
000768
000014
000153
912105
926108
928474
000977
968742
000178
976682
000093
000511
000033
000617
932183
000513
000166
000061
956334
000682
000662
000779
906902
000366
900607
997521
999359
000276
000425
000176
933017
000174
000230
903780
970656
000442
937744
000295
000701
000961
997119
000222
000160
000727
000624
923017
000502
904140
936205
963490
000758
963145
923401
991350
000780
951121
000524
000029
000984
000662
000048
913400
000289
000605
959756
000607
000167
997965
000144
000557
000854
925026
970294
000267
914079
905607
000226
940091
000848
998673
953580
000576
000471
000305
000785
000032
964690
000041
937067
000742
901969
945471
997376
962573
000564
948636
000096
000998
958951
000485
000920
000009
000350
000784
000909
000951
000201
000956
973720
000411
000346
000519
980039
977368
000274
985549
906457
000948
000793
000956
000990
969257
000885
902574
000381
958203
000755
956146
929908
954210
939283
000976
900862
900452
000644
910045
930171
000139
986536
000752
971132
000485
967329
909124
951766
923220
973681
000895
000161
000722
912324
932137
909197
928562
904059
970043
947148
000209
910437
969104
000536
000022
000202
000211
000440
903213
000546
900227
910263
000354
000886
000334
932181
000535
938594
970330
000998
996136
930425
000236
990388
972683
000168
000073
976357
000336
000521
000534
000815
997242
000255
000631
000523
000926
000457
930048
000488
000604
905362
973469
982525
967209
934796
000577
956579
000867
000139
961217
000250
000591
000366
000829
000584
962151
963533
987861
997389
971056
000937
000394
000268
000457
000974
983781
974057
000619
979985
000753
000016
000310
000755
000382
000677
961197
000764
906723
000488
000537
000330
986620
900418
000757
928907
000591
904172
000989
949920
000316
000147
000268
996191
938992
987267
989443
938494
942433
000508
000119
000999
948253
000464
000048
978731
905099
957101
000425
000721
000305
949152
981023
000776
000576
000999
901003
982275
948697
995632
965377
000329
912427
000671
000077
924516
000233
980620
000315
920211
965215
919806
964898
000781
000425
000374
000617
000059
920692
985094
000989
912192
000340
000266
970955
000184
901401
979205
000231
000673
948998
000722
992458
000208
993861
915707
962244
000721
991118
962320
956576
000769
929611
960310
935980
000168
928970
974292
000754
000803
994528
000462
976420
000030
000650
916134
997514
000128
945062
000866
928804
940468
992337
917227
000560
000117
983509
921152
902826
000551
988374
971594
000268
000534
000431
958341
946878
000398
000925
912053
000545
000167
978772
000973
000225
906977
000299
989838
973076
990696
000260
912442
920072
000479
000588
928464
954408
920296
000152
983562
000504
000997
000356
000202
000626
940472
978927
997593
918615
000033
996624
944398
989140
000035
960267
000237
000922
980845
956977
000749
000864
000826
000661
000356
935125
000941
000937
000905
000588
000042
000614
911847
996219
963586
000175
000930
000115
943197
000974
000879
000804
000279
000194
972905
000733
902272
972416
000908
929186
000561
000550
912557
906876
000135
917906
934033
000974
000152
000606
950870
961667
945284
917752
963940
000234
000505
000354
000447
000852
925825
000834
000932
905984
971244
910467
965564
991241
909352
946225
947936
906880
000640
000808
000507
994613
925450
000124
000025
973690
948314
975928
000571
000218
000406
000210
972466
000512
908336
999619
938820
967997
943263
942645
995735
000719
903730
000286
000392
999311
911958
000723
999432
000097
000919
971988
935002
998004
905820
930199
948357
965581
000059
959061
963779
000013
920101
000643
000089
000132
000168
908088
000203
000707
937782
000920
000687
912327
969501
993192
000041
977709
990115
000854
000108
991712
000965
000004
000517
000153
000029
922639
000826
000757
925786
925732
977710
989762
945884
982433
960698
901216
000389
957544
000558
912973
939481
000153
000096
000015
000799
000022
000016
935371
973919
000515
943217
906063
948032
909852
987664
973111
968688
000452
985037
931005
000058
955995
000463
905164
962463
926479
000489
964018
955821
962855
984374
000925
000645
000191
000119
000342
000391
000377
000816
979660
910855
916446
000800
000408
000775
977945
000675
000954
981007
920102
935335
901035
000218
971145
915233
000848
000856
950420
917950
978996
000306
000279
994602
000356
000282
000882
000305
959049
934370
000873
936571
000809
000067
000266
000611
000872
000984
000711
913359
998771
900536
947253
921318
908688
000601
953575
000419
000272
960387
000450
000876
996037
000210
000473
971227
000657
906225
995311
000944
000381
960796
960134
964023
000364
000041
905702
993718
000939
000729
918947
918655
000766
971750
000035
991776
966137
969250
000423
960066
962134
000803
958913
000682
000722
000250
000919
933969
000144
000269
000063
000551
977056
000283
000927
903150
904082
000777
000345
954128
000878
948043
000419
946994
000063
912173
000222
992117
000554
948640
000721
972571
998123
000394
985243
000001
000338
981762
918893
942791
000078
000736
907613
979706
000656
980167
000644
978097
945028
944097
910019
000663
991996
920255
948076
998768
939651
975826
948621
000008
000140
976319
000953
000253
988755
913268
909852
927534
000540
944310
908298
000368
919842
950979
000070
968519
000559
999046
000426
000523
902632
975147
000149
000478
909363
911064
969908
941943
000547
000437
935790
930053
930513
903408
000798
000007
000649
926099
000006
000298
000477
000667
000532
000884
995226
900484
957181
000723
000698
000555
000451
960313
954492
989722
952825
915803
928543
000552
988199
902737
936295
000589
924509
937145
999441
000894
000919
925453
000447
958235
000366
930062
000051
000291
987132
953520
956409
956665
973849
000958
000368
969355
000244
917546
993226
955417
000175
000409
000820
951418
911027
918222
000518
000620
901482
000394
000400
000412
998788
995516
959223
954586
000601
971671
991014
000274
903758
000177
961245
924961
931401
000532
930961
000356
000732
979362
000636
000103
000059
990787
916070
968333
000474
913692
980233
000401
000604
000939
927521
000379
972020
000811
000046
000821
939601
905399
000997
986562
917739
000776
000462
000028
959222
000365
994663
917393
000790
953819
985963
917092
000549
000811
909122
000300
000774
000134
971521
000981
909003
000222
992041
975293
939497
923800
000087
969291
932661
991274
000754
929128
000157
947808
977466
937244
905951
937608
955037
000235
000257
000390
000392
000748
000117
000576
000876
000809
000711
000489
906819
991784
997605
000412
992812
000784
000534
000182
908797
974296
964582
000973
926529
985284
948318
000929
934959
000378
980035
991210
997573
949766
963836
000736
000563
978631
000131
985365
000605
983069
000369
901901
000386
000018
000293
000199
000952
000337
949978
000363
000421
000441
000167
914346
931491
000376
934174
931432
957910
000515
000198
000088
000865
957583
994016
000121
000424
