2000 3
297
373
069
793
743
419
781
885
398
027
646
822
082
112
916
266
746
918
163
786
125
106
987
978
000
531
416
676
925
495
113
276
843
837
914
852
540
008
951
831
857
771
045
555
585
273
987
451
098
467
701
090
488
003
399
493
747
304
493
178
684
789
358
970
854
357
466
113
020
480
535
586
216
119
406
116
853
033
777
334
438
806
265
799
111
187
689
533
688
392
659
280
301
588
005
872
575
537
584
158
973
773
514
852
727
638
140
719
242
610
324
311
222
365
590
202
053
780
806
612
226
064
649
895
623
319
159
719
300
449
530
262
715
738
612
114
647
197
889
631
753
320
703
006
483
426
435
845
944
959
778
855
622
813
522
172
117
454
456
138
610
132
438
572
706
592
711
405
365
180
494
148
967
491
905
226
616
994
043
921
781
282
870
851
842
005
017
618
709
556
099
298
988
935
467
860
478
437
523
462
375
651
276
346
157
514
237
782
065
533
011
249
499
684
611
409
886
103
116
924
642
082
168
123
422
377
498
501
436
353
689
139
615
894
284
325
142
451
874
645
260
826
276
403
759
206
490
165
175
460
360
945
370
425
149
670
339
531
546
007
974
925
574
119
315
400
964
452
170
133
948
125
253
859
160
811
791
562
903
754
417
282
981
107
746
514
161
376
887
702
134
058
584
438
641
951
510
730
609
935
891
281
411
553
087
850
579
330
475
194
932
838
214
055
105
418
810
972
533
546
864
304
699
087
484
594
951
591
487
443
956
386
663
296
347
385
133
798
387
071
405
852
238
432
730
745
303
303
542
529
591
411
859
803
771
941
548
730
515
257
325
278
808
548
879
821
418
790
813
874
493
259
384
207
146
541
005
423
392
346
420
802
738
741
086
661
534
077
225
503
398
196
583
149
862
639
136
928
458
339
916
583
602
062
276
149
723
523
265
344
052
017
647
821
902
695
083
415
682
627
586
543
299
037
232
936
251
638
074
172
177
533
827
248
404
005
946
974
607
550
472
059
103
435
335
696
672
731
236
662
434
193
881
684
431
156
566
814
125
681
734
227
762
241
388
250
979
695
158
601
082
477
676
343
896
127
682
127
817
732
309
465
180
273
632
690
456
169
766
750
705
900
214
255
570
544
935
278
178
711
166
769
263
756
217
775
525
085
693
052
742
036
075
203
650
060
876
185
142
525
883
914
983
244
404
828
029
955
328
327
680
101
944
275
678
238
896
566
159
549
460
195
198
649
770
975
511
070
576
631
462
439
988
683
881
005
541
048
321
510
302
430
519
916
134
282
686
080
913
904
887
420
646
805
650
716
794
989
988
060
860
427
090
874
075
184
697
009
055
325
868
748
673
628
730
386
949
256
856
377
656
520
814
621
645
168
304
420
217
534
448
457
499
050
041
895
504
565
272
652
528
354
523
194
568
446
252
419
870
825
492
557
945
131
235
511
349
480
343
938
760
203
894
246
610
465
515
493
215
305
130
835
337
182
392
780
323
941
804
097
237
106
557
144
025
692
666
050
049
678
621
958
543
838
239
824
505
913
618
156
458
046
986
793
149
261
907
839
405
689
903
782
715
165
977
815
939
812
242
661
921
877
109
979
896
032
201
641
668
615
943
515
692
221
755
864
113
953
728
750
365
378
159
466
905
789
105
782
973
294
509
749
735
337
400
338
790
492
861
864
050
007
419
079
934
122
672
179
370
078
661
271
819
889
677
694
305
044
129
837
205
816
237
980
051
647
209
711
777
260
177
897
883
717
427
825
114
871
579
616
077
652
170
633
600
949
273
368
328
500
308
568
607
851
649
450
546
087
854
349
049
158
445
355
919
323
258
363
194
877
745
205
259
127
615
916
194
115
357
649
773
047
927
934
769
504
383
927
367
164
231
655
817
895
264
446
518
302
185
695
328
882
041
700
505
465
006
962
750
026
106
980
689
292
931
978
813
917
904
651
234
959
890
453
564
791
022
720
406
661
380
034
798
306
877
641
468
070
619
460
749
960
683
550
790
015
175
125
040
185
711
821
981
184
430
585
626
760
557
429
854
359
331
277
352
058
684
033
142
580
982
194
679
481
298
672
891
984
788
426
796
038
534
126
359
412
040
881
275
228
748
289
661
642
715
884
425
009
272
850
111
229
390
738
366
007
161
845
422
651
660
718
277
799
189
445
326
142
945
470
040
321
340
964
412
601
786
387
459
014
906
355
871
796
866
626
825
062
929
481
238
939
345
375
156
363
185
866
891
897
737
588
075
289
045
852
212
773
372
032
365
744
236
659
603
445
810
106
350
222
075
031
588
495
216
403
609
946
092
183
564
889
854
460
071
220
167
078
283
992
160
924
478
919
703
748
189
466
865
630
792
296
169
586
347
123
551
269
169
288
491
567
792
885
169
535
746
935
423
265
103
492
557
175
379
067
970
158
847
774
865
638
412
868
324
476
439
887
197
481
669
290
025
584
422
553
381
005
240
536
478
278
632
571
734
726
172
430
357
295
865
995
550
961
645
985
065
930
582
083
352
179
209
509
211
180
714
519
611
108
835
407
881
094
128
925
239
713
434
765
471
198
238
999
922
273
990
920
041
019
339
792
247
326
734
285
468
912
165
727
905
266
097
789
855
695
761
431
714
173
747
908
768
998
832
308
584
461
536
026
257
805
781
451
864
381
012
021
144
059
160
395
091
529
109
063
669
222
852
882
680
600
095
296
320
104
567
044
926
821
426
909
360
593
538
616
286
247
008
592
948
244
498
728
800
437
586
992
451
626
195
122
439
892
121
168
611
987
081
402
540
673
337
563
967
049
033
662
472
844
216
306
704
445
720
095
617
681
096
110
863
709
007
016
348
062
894
432
874
708
371
893
253
677
855
407
153
799
091
595
695
341
233
484
007
394
003
500
602
860
725
100
986
148
063
103
080
541
388
505
531
379
923
054
302
704
448
250
196
749
698
288
451
972
271
575
830
803
526
789
342
985
810
841
702
367
650
499
599
202
313
504
463
177
799
681
878
729
888
648
359
078
833
017
513
904
844
808
874
958
399
843
625
968
843
470
006
730
296
928
781
057
499
678
741
649
404
521
897
787
994
371
412
133
396
542
409
204
775
537
104
099
323
503
945
525
500
433
520
095
633
917
500
919
470
446
927
575
139
687
991
398
631
316
845
028
819
192
503
450
486
630
393
757
030
367
859
738
133
584
288
191
432
953
103
440
888
926
208
354
889
979
388
728
733
421
852
256
238
213
458
344
429
046
127
411
364
538
636
385
210
837
754
404
871
506
295
917
249
334
983
635
536
728
890
273
730
662
796
968
463
292
217
879
833
608
278
546
519
592
775
981
373
257
341
499
415
670
504
073
721
146
341
728
486
617
944
705
679
469
342
945
591
681
491
468
755
723
424
776
886
852
097
618
959
725
203
442
463
807
581
533
208
598
390
548
269
674
381
299
567
709
943
163
236
960
384
877
636
153
556
789
770
277
969
654
552
567
249
096
508
117
416
410
225
627
955
117
152
113
839
762
586
762
907
566
407
379
256
740
009
908
578
671
226
077
172
853
680
640
884
387
557
629
770
273
999
348
575
330
227
902
054
868
641
837
417
502
039
859
202
463
585
609
827
556
909
351
173
168
526
515
294
386
939
761
730
047
242
825
413
495
785
219
336
668
923
465
961
328
389
930
218
591
058
750
140
149
066
556
240
051
568
832
360
085
742
197
795
528
825
213
357
009
423
434
589
555
385
545
187
155
122
749
920
513
244
465
162
620
072
446
391
857
674
806
821
395
096
106
648
942
669
738
475
610
086
947
893
714
080
713
847
917
120
710
936
828
564
065
756
641
184
937
681
338
493
756
171
572
616
728
941
685
626
835
518
790
721
556
234
427
636
352
178
031
412
621
064
516
584
064
434
678
577
561
473
640
757
019
884
717
006
169
209
957
679
517
647
087
820
985
371
822
980
704
647
480
340
959
797
913
131
649
521
982
355
969
483
551
496
717
557
690
340
376
321
713
000
609
837
874
694
901
628
965
251
025
248
396
451
615
899
315
233
898
562
413
708
314
827
733
435
778
864
194
720
839
501
233
998
476
653
933
043
212
540
249
651
892
057
720
339
030
654
624
609
866
205
218
422
993
074
002
427
818
330
575
748
719
708
512
289
889
907
586
244
352
498
099
249
661
225
461
001
568
050
173
426
723
292
797
905
546
561
837
486
788
209
215
454
550
206
914
327
512
242
919
361
063
787
782
071
850
594
537
205
911
044
594
306
447
417
972
268
414
268
712
240
164
208
635
039
498
598
545
423
124
287
858
163
265
716
471
875
440
951
404
624
176
358
573
915
627
587
619
737
346
071
112
200
904
854
273
076
296
127
364
650
444
303
323
346
536
369
337
741
952
810
676
421
353
020
485
078
899
347
046
208
130
717
066
425
065
911
622
057
558
319
465
313
156
141
835
269
005
432
302
207
329
128
402
343
232
642
935
125
584
924
466
920
245
668
430
453
377
376
746
804
364
486
982
411
930
482
430
420
418
229
154
