3000 4
9995
9991
9979
9976
9976
9972
9969
9967
9958
9957
9955
9950
9945
9945
9944
9942
9942
9941
9940
9932
9931
9930
9927
9923
9922
9919
9914
9913
9912
9911
9909
9908
9905
9904
9902
9900
9896
9894
9893
9885
9880
9877
9875
9870
9869
9865
9861
9861
9855
9853
9853
9847
9842
9842
9838
9837
9832
9829
9827
9823
9823
9821
9821
9820
9815
9799
9799
9795
9788
9784
9784
9782
9782
9781
9779
9775
9773
9773
9767
9762
9762
9754
9752
9749
9734
9731
9729
9722
9702
9698
9692
9691
9688
9686
9684
9684
9680
9679
9676
9674
9672
9666
9665
9665
9665
9658
9654
9643
9642
9641
9640
9640
9639
9628
9628
9625
9624
9622
9622
9621
9620
9620
9598
9596
9596
9595
9588
9588
9584
9584
9581
9569
9567
9563
9560
9558
9550
9549
9549
9549
9545
9544
9542
9541
9540
9534
9532
9526
9525
9521
9519
9515
9513
9512
9511
9511
9509
9506
9505
9503
9502
9501
9500
9497
9496
9494
9487
9487
9486
9472
9471
9470
9469
9467
9467
9458
9457
9457
9451
9450
9446
9438
9436
9432
9423
9420
9416
9413
9411
9401
9400
9400
9390
9385
9383
9378
9376
9347
9344
9344
9333
9328
9327
9327
9325
9324
9320
9318
9314
9294
9294
9294
9293
9292
9290
9290
9289
9282
9277
9272
9269
9268
9268
9264
9264
9259
9257
9246
9243
9243
9242
9240
9237
9236
9236
9236
9234
9233
9228
9223
9221
9214
9213
9208
9205
9197
9194
9192
9191
9186
9182
9180
9172
9167
9163
9161
9159
9147
9143
9141
9136
9128
9124
9121
9112
9109
9108
9106
9106
9097
9096
9095
9093
9086
9086
9083
9082
9077
9050
9045
9038
9037
9027
9025
9023
9023
9021
9019
9017
9013
9010
9001
9000
8994
8987
8984
8976
8976
8974
8972
8969
8968
8965
8959
8953
8947
8947
8947
8941
8939
8937
8936
8932
8932
8932
8928
8925
8925
8925
8922
8921
8915
8915
8912
8912
8912
8911
8906
8905
8898
8897
8897
8895
8894
8894
8893
8892
8888
8885
8883
8882
8877
8868
8865
8862
8861
8859
8853
8853
8850
8847
8845
8843
8835
8834
8825
8823
8820
8815
8812
8811
8809
8809
8804
8803
8793
8782
8778
8777
8773
8770
8768
8767
8762
8749
8749
8747
8746
8745
8736
8736
8735
8733
8733
8732
8731
8730
8727
8727
8720
8720
8716
8712
8711
8705
8704
8704
8703
8703
8695
8695
8691
8688
8683
8682
8680
8668
8667
8652
8651
8650
8649
8635
8621
8620
8618
8606
8605
8599
8596
8592
8589
8587
8584
8579
8577
8576
8571
8570
8566
8566
8565
8564
8563
8563
8551
8549
8545
8545
8544
8544
8542
8539
8522
8521
8518
8517
8516
8514
8512
8511
8509
8508
8504
8499
8492
8490
8487
8481
8474
8471
8460
8457
8455
8452
8451
8442
8440
8438
8434
8432
8431
8430
8429
8428
8423
8421
8420
8417
8411
8405
8405
8390
8381
8380
8378
8375
8371
8370
8359
8357
8350
8349
8348
8346
8344
8330
8329
8327
8327
8326
8320
8316
8314
8311
8308
8300
8296
8292
8291
8291
8283
8277
8273
8271
8270
8261
8255
8255
8251
8249
8249
8249
8248
8245
8243
8242
8234
8233
8222
8216
8214
8213
8209
8206
8195
8195
8195
8191
8185
8182
8181
8180
8177
8177
8174
8168
8159
8157
8157
8155
8153
8151
8148
8146
8134
8128
8119
8118
8118
8116
8115
8112
8109
8105
8103
8089
8084
8079
8074
8068
8066
8064
8061
8060
8056
8056
8054
8046
8043
8043
8036
8031
8030
8026
8023
8022
8020
8020
8018
8017
8009
8006
8005
8004
8000
7999
7999
7997
7987
7986
7983
7977
7973
7972
7968
7968
7967
7964
7964
7961
7958
7955
7946
7945
7944
7937
7935
7932
7931
7930
7928
7926
7920
7917
7914
7910
7907
7902
7897
7894
7893
7884
7884
7881
7879
7879
7872
7869
7868
7864
7851
7849
7846
7845
7843
7841
7841
7836
7825
7823
7811
7808
7806
7806
7802
7797
7793
7792
7781
7774
7774
7767
7766
7763
7758
7756
7756
7752
7751
7750
7748
7747
7746
7741
7739
7727
7726
7721
7719
7712
7708
7704
7703
7699
7698
7696
7693
7686
7676
7676
7674
7670
7666
7666
7665
7660
7659
7657
7653
7647
7641
7640
7639
7635
7632
7629
7625
7624
7622
7621
7620
7615
7612
7610
7608
7606
7595
7590
7589
7588
7581
7580
7576
7573
7572
7568
7563
7560
7559
7559
7555
7552
7548
7548
7530
7527
7525
7525
7521
7521
7516
7514
7503
7503
7502
7500
7497
7496
7493
7491
7488
7488
7487
7483
7480
7478
7476
7474
7470
7468
7463
7459
7458
7457
7454
7451
7445
7436
7421
7413
7411
7410
7407
7406
7403
7398
7397
7395
7392
7386
7382
7378
7367
7362
7352
7338
7337
7336
7321
7319
7315
7308
7306
7303
7300
7298
7298
7296
7294
7294
7292
7292
7291
7291
7286
7286
7284
7282
7275
7274
7272
7271
7266
7266
7262
7262
7262
7261
7260
7254
7253
7251
7245
7243
7240
7240
7239
7238
7235
7233
7231
7230
7229
7224
7222
7217
7214
7212
7211
7209
7206
7206
7204
7198
7198
7184
7182
7180
7173
7173
7171
7171
7170
7163
7158
7156
7156
7154
7151
7151
7150
7149
7148
7145
7144
7140
7136
7135
7135
7135
7134
7132
7132
7131
7131
7128
7121
7119
7118
7117
7116
7112
7111
7109
7109
7101
7098
7087
7087
7085
7085
7083
7080
7080
7075
7067
7066
7059
7059
7057
7053
7046
7046
7031
7027
7018
7017
7013
7012
7012
7010
7009
7004
6992
6992
6988
6986
6985
6983
6983
6981
6977
6969
6969
6965
6961
6957
6955
6953
6944
6941
6938
6937
6930
6927
6927
6926
6922
6921
6920
6918
6913
6912
6911
6909
6904
6904
6903
6893
6893
6886
6880
6879
6873
6872
6870
6863
6862
6858
6855
6852
6851
6846
6846
6844
6843
6841
6826
6821
6819
6811
6807
6807
6806
6800
6797
6797
6796
6793
6788
6786
6786
6777
6774
6770
6770
6765
6757
6754
6753
6753
6751
6750
6750
6748
6742
6734
6733
6726
6721
6714
6709
6709
6692
6692
6685
6684
6683
6680
6676
6668
6666
6660
6655
6654
6653
6653
6652
6648
6646
6642
6635
6633
6630
6630
6622
6622
6621
6620
6616
6607
6606
6604
6603
6590
6590
6589
6588
6587
6587
6585
6585
6583
6577
6574
6572
6569
6567
6567
6564
6564
6561
6549
6547
6547
6546
6545
6541
6531
6530
6530
6529
6521
6520
6519
6519
6516
6512
6511
6510
6508
6506
6506
6505
6497
6492
6492
6489
6483
6473
6471
6470
6468
6467
6465
6457
6449
6440
6439
6439
6430
6427
6425
6424
6417
6415
6412
6405
6398
6394
6394
6392
6391
6391
6389
6385
6382
6380
6377
6376
6376
6375
6366
6358
6358
6357
6352
6350
6346
6345
6344
6337
6333
6330
6328
6327
6324
6319
6318
6314
6312
6310
6308
6297
6284
6272
6271
6262
6261
6260
6258
6256
6250
6247
6242
6242
6239
6238
6236
6235
6227
6226
6222
6220
6219
6218
6212
6206
6199
6196
6190
6189
6188
6184
6176
6171
6168
6163
6161
6150
6149
6142
6141
6139
6138
6134
6124
6117
6114
6111
6109
6104
6102
6098
6097
6095
6094
6089
6085
6083
6078
6075
6074
6070
6069
6068
6068
6065
6065
6054
6051
6050
6043
6040
6033
6027
6026
6025
6017
6015
6010
6006
6003
5995
5981
5981
5976
5975
5969
5969
5968
5968
5966
5965
5963
5960
5947
5945
5944
5943
5943
5940
5938
5937
5934
5929
5926
5925
5912
5909
5908
5908
5900
5896
5893
5892
5891
5888
5887
5884
5884
5882
5880
5877
5874
5873
5872
5871
5869
5866
5859
5856
5851
5850
5850
5840
5838
5829
5826
5826
5822
5822
5820
5817
5815
5813
5811
5807
5805
5795
5795
5795
5793
5786
5785
5785
5781
5776
5764
5762
5761
5760
5758
5754
5753
5752
5752
5747
5739
5737
5736
5733
5732
5732
5731
5726
5726
5723
5709
5709
5709
5702
5701
5700
5697
5690
5684
5680
5676
5674
5669
5666
5663
5661
5660
5658
5654
5650
5645
5643
5640
5638
5637
5636
5633
5632
5632
5632
5627
5622
5622
5621
5620
5619
5613
5613
5609
5602
5596
5594
5591
5583
5580
5576
5574
5574
5561
5559
5555
5554
5552
5550
5550
5548
5546
5544
5530
5516
5513
5513
5512
5510
5509
5508
5502
5498
5495
5491
5489
5487
5484
5483
5479
5477
5473
5468
5467
5462
5457
5457
5456
5455
5455
5454
5451
5447
5446
5438
5433
5430
5429
5427
5424
5423
5423
5421
5420
5414
5412
5410
5410
5409
5407
5406
5405
5401
5398
5395
5395
5386
5384
5372
5369
5366
5364
5362
5360
5359
5356
5354
5346
5344
5339
5339
5335
5334
5334
5331
5328
5328
5327
5325
5323
5312
5312
5301
5298
5297
5293
5291
5288
5286
5284
5280
5271
5270
5269
5269
5267
5266
5265
5263
5261
5261
5258
5258
5257
5255
5250
5248
5246
5238
5237
5227
5217
5215
5211
5210
5210
5208
5205
5199
5186
5184
5183
5179
5178
5175
5172
5171
5163
5161
5160
5158
5156
5147
5144
5143
5137
5136
5128
5127
5121
5117
5117
5115
5115
5112
5111
5098
5097
5091
5089
5076
5068
5062
5052
5049
5047
5038
5035
5030
5028
5025
5022
5018
5018
5016
5010
4996
4993
4989
4987
4985
4984
4978
4978
4973
4971
4970
4961
4961
4960
4960
4959
4959
4956
4955
4954
4947
4945
4944
4944
4941
4939
4930
4930
4928
4913
4909
4909
4905
4903
4903
4903
4901
4898
4891
4885
4879
4876
4875
4872
4869
4868
4866
4862
4860
4860
4855
4853
4853
4849
4849
4847
4846
4844
4844
4843
4840
4833
4831
4830
4826
4823
4817
4813
4813
4809
4801
4797
4796
4794
4791
4787
4787
4775
4774
4768
4750
4749
4749
4747
4746
4743
4743
4742
4738
4724
4722
4718
4715
4706
4702
4697
4695
4692
4688
4679
4679
4678
4676
4671
4667
4663
4660
4660
4659
4652
4650
4646
4640
4627
4626
4619
4617
4613
4612
4609
4606
4605
4603
4601
4579
4574
4574
4561
4558
4557
4553
4547
4547
4541
4535
4533
4532
4532
4530
4530
4529
4525
4524
4521
4510
4507
4507
4505
4505
4500
4498
4494
4493
4485
4480
4477
4476
4472
4463
4461
4461
4458
4454
4446
4445
4443
4439
4438
4435
4432
4431
4426
4425
4420
4420
4416
4415
4415
4415
4404
4404
4399
4394
4382
4382
4373
4366
4362
4357
4355
4351
4348
4346
4346
4336
4329
4320
4312
4311
4311
4304
4300
4292
4281
4279
4278
4271
4267
4267
4264
4261
4257
4254
4252
4251
4249
4238
4231
4229
4226
4222
4219
4207
4205
4205
4183
4180
4168
4167
4165
4160
4157
4157
4155
4154
4154
4153
4149
4145
4142
4142
4141
4139
4132
4131
4129
4126
4126
4125
4124
4122
4120
4115
4113
4106
4091
4091
4086
4085
4083
4078
4070
4067
4065
4062
4061
4061
4060
4057
4054
4053
4052
4043
4036
4036
4035
4034
4032
4031
4030
4016
4011
4011
4009
4007
4003
3998
3995
3989
3989
3988
3974
3970
3969
3963
3960
3960
3954
3954
3953
3950
3950
3949
3946
3946
3943
3943
3935
3933
3932
3930
3929
3924
3923
3919
3913
3911
3910
3908
3907
3905
3903
3902
3901
3894
3893
3888
3880
3877
3877
3875
3873
3873
3873
3872
3871
3869
3862
3861
3852
3850
3847
3846
3845
3844
3842
3829
3828
3827
3827
3824
3823
3818
3817
3817
3815
3813
3808
3806
3803
3802
3802
3790
3789
3782
3778
3778
3778
3762
3759
3751
3742
3733
3723
3719
3718
3712
3705
3702
3695
3694
3694
3692
3692
3692
3688
3687
3685
3684
3678
3675
3672
3672
3671
3669
3667
3661
3659
3659
3657
3654
3648
3642
3642
3634
3631
3628
3622
3622
3618
3614
3613
3603
3603
3603
3601
3601
3584
3582
3581
3575
3572
3566
3564
3557
3555
3554
3550
3546
3546
3544
3541
3540
3538
3538
3537
3530
3527
3526
3521
3521
3518
3513
3513
3512
3507
3506
3502
3498
3495
3493
3481
3469
3469
3466
3458
3453
3450
3442
3434
3433
3431
3426
3424
3418
3417
3416
3411
3409
3407
3407
3399
3399
3399
3397
3394
3394
3390
3385
3384
3384
3383
3380
3374
3372
3371
3371
3353
3351
3350
3350
3344
3335
3328
3327
3326
3323
3315
3313
3309
3301
3300
3300
3297
3284
3277
3275
3268
3262
3255
3254
3254
3253
3248
3246
3243
3242
3240
3236
3228
3228
3227
3227
3225
3215
3211
3200
3196
3194
3194
3192
3179
3175
3172
3171
3171
3169
3167
3165
3162
3161
3160
3156
3154
3150
3149
3147
3146
3146
3143
3143
3138
3135
3129
3128
3124
3122
3122
3121
3118
3103
3093
3091
3083
3081
3080
3079
3079
3074
3060
3059
3058
3053
3042
3041
3040
3037
3035
3035
3034
3033
3032
3031
3029
3026
3020
3018
3015
3010
3004
3001
3000
3000
2990
2990
2990
2989
2982
2976
2965
2964
2961
2961
2957
2955
2953
2952
2947
2946
2944
2940
2940
2936
2934
2924
2919
2913
2912
2909
2907
2905
2903
2899
2891
2887
2886
2886
2886
2886
2883
2881
2878
2877
2876
2870
2868
2864
2858
2857
2855
2852
2851
2849
2842
2841
2840
2839
2837
2837
2829
2829
2828
2828
2825
2821
2820
2817
2815
2814
2811
2810
2805
2805
2802
2797
2792
2789
2789
2788
2782
2779
2777
2772
2770
2769
2766
2764
2763
2758
2756
2747
2746
2745
2741
2741
2735
2734
2732
2722
2721
2720
2717
2713
2713
2712
2709
2708
2704
2700
2697
2697
2696
2687
2687
2678
2675
2670
2668
2664
2662
2660
2660
2642
2637
2631
2631
2629
2628
2628
2627
2616
2613
2610
2604
2602
2601
2599
2598
2586
2585
2571
2570
2559
2559
2556
2554
2553
2545
2539
2535
2524
2521
2519
2514
2511
2511
2507
2506
2503
2495
2489
2485
2484
2482
2481
2480
2476
2473
2471
2467
2466
2463
2461
2460
2454
2451
2443
2441
2440
2432
2430
2426
2426
2425
2425
2420
2416
2416
2406
2400
2396
2395
2392
2389
2384
2381
2379
2376
2374
2374
2373
2371
2369
2360
2357
2351
2347
2345
2343
2339
2338
2337
2335
2326
2324
2322
2319
2315
2315
2315
2311
2307
2305
2300
2275
2271
2271
2270
2267
2257
2256
2253
2253
2239
2232
2227
2220
2217
2215
2214
2213
2212
2201
2199
2198
2189
2187
2178
2177
2174
2172
2167
2166
2163
2162
2161
2160
2147
2146
2146
2145
2144
2144
2143
2141
2141
2139
2139
2139
2137
2135
2135
2122
2120
2116
2110
2107
2106
2105
2098
2097
2091
2091
2088
2079
2067
2067
2067
2065
2065
2064
2064
2056
2054
2051
2051
2045
2035
2035
2027
2022
2014
2014
2014
2013
2012
2011
2009
2007
2005
1989
1986
1982
1970
1964
1957
1956
1956
1955
1935
1935
1929
1927
1912
1906
1905
1903
1903
1897
1894
1890
1880
1866
1862
1862
1861
1860
1854
1851
1851
1850
1842
1841
1841
1839
1836
1828
1828
1827
1812
1811
1809
1808
1807
1805
1801
1800
1797
1784
1784
1782
1781
1779
1777
1776
1776
1770
1768
1766
1763
1762
1759
1759
1758
1749
1746
1739
1735
1734
1727
1724
1723
1720
1717
1716
1703
1703
1701
1699
1697
1693
1689
1682
1671
1671
1667
1667
1667
1666
1660
1658
1656
1656
1654
1652
1651
1646
1646
1642
1629
1624
1624
1617
1616
1610
1609
1609
1609
1604
1599
1599
1597
1593
1592
1592
1589
1583
1582
1578
1572
1560
1560
1557
1551
1538
1536
1535
1531
1527
1502
1502
1500
1494
1493
1491
1484
1479
1477
1469
1456
1455
1450
1449
1447
1438
1438
1433
1431
1429
1429
1419
1418
1418
1411
1410
1407
1403
1401
1396
1393
1391
1383
1383
1374
1368
1362
1357
1351
1344
1342
1341
1341
1337
1336
1331
1330
1326
1322
1316
1312
1311
1311
1310
1309
1307
1302
1301
1301
1298
1295
1294
1294
1294
1294
1293
1283
1280
1275
1274
1274
1273
1272
1272
1270
1268
1260
1260
1257
1257
1256
1253
1252
1249
1247
1243
1241
1228
1226
1222
1222
1218
1216
1214
1214
1212
1210
1208
1204
1199
1199
1197
1190
1187
1186
1186
1182
1181
1176
1176
1176
1170
1165
1162
1151
1149
1145
1142
1142
1142
1132
1131
1128
1124
1123
1118
1114
1112
1110
1107
1105
1096
1095
1095
1094
1085
1079
1079
1078
1076
1076
1075
1074
1070
1067
1062
1059
1055
1055
1053
1050
1018
1014
1007
1001
0997
0996
0993
0987
0983
0982
0978
0969
0963
0962
0961
0959
0956
0956
0955
0955
0945
0943
0934
0933
0930
0925
0923
0920
0917
0914
0901
0895
0889
0888
0888
0882
0878
0876
0875
0875
0871
0870
0866
0858
0857
0856
0845
0835
0833
0822
0813
0810
0810
0806
0801
0794
0793
0792
0774
0774
0770
0769
0768
0765
0759
0758
0757
0751
0750
0749
0746
0743
0732
0729
0729
0729
0728
0725
0722
0721
0719
0710
0709
0692
0688
0684
0675
0674
0671
0663
0662
0657
0652
0649
0649
0645
0640
0640
0628
0628
0626
0624
0621
0619
0617
0614
0612
0612
0607
0605
0599
0597
0586
0578
0575
0570
0570
0568
0568
0557
0553
0552
0543
0540
0535
0530
0527
0517
0513
0513
0513
0513
0512
0511
0510
0510
0505
0500
0497
0496
0493
0482
0481
0481
0477
0469
0464
0460
0459
0456
0455
0454
0450
0446
0445
0445
0445
0442
0442
0442
0434
0433
0433
0427
0416
0416
0415
0410
0410
0406
0406
0405
0404
0394
0394
0391
0389
0386
0382
0381
0380
0376
0374
0373
0363
0361
0360
0358
0356
0353
0346
0344
0340
0336
0335
0330
0325
0318
0312
0310
0308
0306
0306
0292
0291
0284
0282
0278
0271
0270
0268
0267
0265
0262
0256
0251
0251
0251
0243
0243
0242
0242
0239
0239
0226
0226
0225
0222
0213
0212
0211
0208
0206
0206
0202
0201
0199
0197
0194
0182
0179
0171
0169
0169
0167
0165
0157
0151
0151
0150
0138
0137
0134
0134
0133
0124
0123
0119
0115
0111
0111
0104
0101
0099
0096
0088
0081
0081
0079
0072
0071
0069
0067
0066
0055
0053
0050
0039
0038
0034
0027
0024
0021
0019
0018
0008
0004
0002
0001
0000
