200 4
0024
0082
0118
8632
4555
0206
0224
0235
0406
0507
0628
0677
0810
0867
0881
0945
1006
1059
1072
1141
1183
1274
1307
1340
1372
1418
1439
1474
3791
1673
1702
1718
1750
1880
1925
4877
2006
2090
2104
2465
2144
2212
2323
5933
2407
2104
2494
7217
2615
2620
2663
3698
2803
2817
2830
2861
2907
8338
2969
3000
3016
3020
3027
3084
3084
3092
3265
3352
3443
3473
3493
3513
3625
3644
2782
3727
1636
3832
4220
4248
4249
4255
7202
4378
0157
4621
4667
4703
4704
4741
9484
4992
5165
5186
5213
4264
5302
5311
5315
5321
6271
5393
5413
5439
5577
5578
5592
5613
5630
5720
5843
5850
5889
5918
2403
5967
5969
6084
6127
6189
6203
5363
6284
6287
6299
6555
6606
6759
6871
6885
7841
6921
6925
6959
6966
6996
7289
7128
7152
5238
7204
2584
7078
7431
7485
7616
7672
7786
7837
6895
7850
7856
7875
7912
7959
8101
8125
8202
2930
8372
8437
8487
8494
8512
8526
8573
0129
8707
8738
8766
8780
8854
8867
9018
9030
9066
9123
9130
9133
9185
9216
9305
9341
9364
9411
9412
9421
9455
1990
9487
9494
9599
9651
9679
9741
9763
9799
9833
9923
9995
