00004
00006
00009
00009
00015
00019
00022
00023
00032
00034
00035
00040
00046
00054
00067
00087
00091
00107
00113
00113
00115
00119
00122
00124
00127
00134
00138
00151
00157
00160
00164
00169
00170
00174
00184
00186
00189
00191
00197
00198
00207
00207
00207
00209
00210
00228
00242
00262
00277
00287
00291
00297
00303
00306
00306
00311
00323
00326
00328
00333
00333
00345
00348
00355
00371
00371
00386
00408
00411
00424
00429
00434
00434
00455
00463
00474
00480
00481
00486
00498
20022
20031
20033
20049
20060
20076
20087
20099
20138
20142
20153
20169
20185
20185
20189
20207
20212
20216
20227
20292
20323
20350
20369
20374
20383
20387
20411
20414
20423
20429
20430
20439
20441
20446
20456
20468
20494
20496
20515
20515
20518
20554
20565
20569
20571
20573
20576
20577
20579
20633
20668
20682
20686
20693
20722
20728
20736
20762
20769
20769
20805
20807
20813
20840
20885
20931
20931
20937
20953
20993
90041
90115
90259
90303
90356
90619
90909
90979
91103
91501
92029
92065
92209
92477
92513
92563
92611
92747
92897
93063
93106
93169
93197
93425
93461
93542
93586
93826
93845
94366
94381
94472
94481
94894
94975
95048
95085
95160
95242
95275
95282
95288
95377
95499
95649
95836
95848
96134
96233
96340
96379
96588
96724
97074
97437
97771
97776
97963
98114
98130
98436
98872
99033
99135
99267
99303
99364
99451
99703
99905
