120 5
33081
75335
31258
58261
98380
70583
74007
46762
02504
99305
38312
42829
65086
05724
30150
25953
99244
26699
57969
59846
69194
24500
17571
75838
25953
92695
59578
11161
14706
00209
20059
75216
41755
73010
46784
57516
46296
30745
64308
82432
15702
78325
83461
29829
25932
08441
82917
84265
95375
77824
38371
88306
12538
18109
53824
31179
34319
60351
49582
24204
34282
42346
68209
37841
16316
25891
89590
07419
39579
74892
11804
92239
81399
19043
12870
88270
13782
45461
97042
92676
88004
29258
90554
59186
71286
71471
09724
27601
46216
19595
81510
92019
91584
11064
93119
55211
34463
81720
54478
64717
72497
18952
19416
99648
23963
38630
79608
22625
40765
76300
17605
29575
56244
28749
80228
96631
23117
46826
34929
73717
