200 5
97347
00009
00031
92020
96298
96391
00028
99210
94925
95669
92983
98343
97208
00001
00041
00083
95340
00062
00039
00022
00081
90439
95035
92740
00084
00058
95007
97431
00058
00052
00089
00007
97896
92437
90543
96387
97067
90266
00064
92018
00071
90798
93595
97910
00039
00078
91337
93981
00070
93188
00047
93777
00011
00012
00065
95419
94688
99894
95100
00081
90193
96868
00085
99100
00019
96851
90151
00079
00092
00009
00042
90027
00066
00000
00041
00025
00058
90442
96094
91028
95896
97720
00076
00041
00080
00033
98076
92637
98047
91147
92149
92687
97499
00028
00080
00031
00007
00060
97441
00066
00087
96341
94210
95517
00050
00095
00012
99518
96428
00009
91078
00032
00024
00035
92894
00041
91528
96002
00019
00022
00026
93230
95268
92327
94145
93803
98537
92756
00063
00100
00083
00086
95101
00051
00063
95532
00080
96473
00042
00009
96479
91769
00051
00061
97930
99668
00032
00030
98563
00061
00053
98415
93060
00062
91950
00090
90396
90701
00051
00003
91165
96820
92443
95465
00052
00067
00001
00063
92626
93351
00025
94630
97201
00039
95360
00044
00045
90817
00070
00057
00047
97875
00044
00019
91086
00005
00006
00023
97154
91330
00086
92938
00049
00088
00068
96474
00095
91608
98680
00081
