150 4
2991
8967
0504
1434
8964
4292
7534
8522
7728
7878
5398
5135
9676
5653
6797
3980
4724
8787
7233
0112
9401
2629
5105
7690
4644
1845
3747
3742
9360
3026
8820
9518
2121
8504
9418
5813
0999
4866
3175
1651
4429
9076
5164
5203
9759
5315
0267
3414
6925
2023
5181
5744
7344
4764
0330
2652
2454
3381
1825
5053
5952
9667
9995
8037
6959
5395
6638
4270
3725
2783
1330
4718
2343
4876
2560
1580
1661
2469
4980
0501
2124
7785
9987
3119
3124
4655
4013
2766
8810
6164
5986
4719
4501
0001
6687
2070
4408
8518
4463
0010
5283
8697
2225
9776
2995
3087
4965
6629
8991
0007
6111
7679
5748
3601
5589
8444
5777
2050
3936
3230
1724
2051
0614
5301
5851
3686
5635
8758
8151
2702
5548
3105
0224
6315
0222
3164
2605
7854
7671
1419
3091
5778
6912
1473
6861
8921
3007
0130
4547
8105
