000001
000001
000002
000003
000004
000004
000004
000004
000005
000005
000005
000005
000006
000006
000006
000006
000006
000006
000007
000007
000008
000008
000008
000009
000010
000011
000011
000012
000012
000013
000013
000013
000013
000014
000014
000014
000015
000016
000016
000016
000016
000016
000017
000017
000018
000018
000018
000019
000019
000021
000022
000022
000023
000023
000024
000024
000025
000025
000025
000025
000026
000027
000027
000028
000028
000029
000029
000029
000029
000029
000030
000030
000032
000032
000033
000033
000033
000034
000035
000035
000035
000035
000036
000036
000036
000036
000038
000039
000040
000041
000041
000041
000041
000041
000041
000042
000043
000045
000046
000046
000047
000047
000047
000047
000047
000048
000048
000048
000048
000048
000049
000050
000050
000051
000051
000051
000052
000053
000054
000055
000055
000055
000055
000055
000056
000056
000057
000058
000058
000058
000058
000059
000059
000059
000059
000059
000059
000060
000060
000061
000061
000062
000063
000063
000063
000063
000063
000063
000063
000064
000065
000066
000067
000069
000069
000070
000070
000071
000071
000072
000072
000072
000073
000075
000076
000076
000077
000077
000078
000079
000079
000080
000080
000082
000082
000082
000083
000083
000087
000087
000087
000087
000087
000087
000088
000088
000088
000089
000089
000089
000089
000090
000090
000090
000091
000092
000092
000093
000093
000094
000095
000095
000095
000095
000096
000096
000096
000096
000096
000097
000097
000098
000100
000100
000101
000101
000101
000101
000101
000101
000103
000103
000104
000106
000107
000107
000108
000108
000108
000108
000110
000111
000113
000113
000113
000114
000114
000115
000115
000115
000115
000116
000117
000117
000117
000118
000118
000119
000119
000119
000121
000122
000123
000124
000124
000124
000125
000125
000127
000127
000127
000128
000128
000128
000129
000130
000131
000131
000131
000132
000132
000133
000134
000135
000135
000135
000135
000139
000139
000139
000140
000140
000140
000140
000141
000141
000141
000142
000142
000143
000144
000144
000144
000145
000145
000146
000146
000147
000148
000149
000149
000149
000149
000149
000149
000150
000152
000152
000152
000152
000153
000153
000153
000153
000155
000156
000156
000157
000157
000158
000159
000160
000160
000161
000161
000161
000161
000162
000162
000163
000163
000164
000164
000165
000166
000166
000167
000167
000167
000167
000168
000168
000168
000168
000168
000168
000168
000169
000170
000172
000172
000173
000173
000174
000175
000175
000175
000175
000176
000177
000178
000178
000178
000179
000179
000179
000180
000181
000182
000182
000183
000184
000184
000184
000184
000184
000185
000185
000186
000187
000191
000191
000191
000191
000191
000192
000193
000194
000194
000194
000194
000194
000196
000196
000197
000198
000199
000201
000202
000202
000203
000203
000203
000203
000205
000205
000206
000206
000206
000206
000206
000207
000208
000208
000208
000209
000209
000210
000210
000210
000210
000210
000211
000211
000211
000212
000213
000213
000214
000216
000216
000216
000216
000216
000217
000217
000218
000218
000218
000219
000221
000222
000222
000222
000222
000223
000223
000225
000225
000226
000226
000226
000227
000228
000228
000229
000229
000229
000229
000230
000231
000231
000232
000232
000233
000233
000233
000234
000234
000234
000234
000235
000236
000236
000236
000236
000237
000238
000239
000239
000239
000241
000241
000242
000242
000242
000243
000243
000243
000244
000244
000244
000244
000245
000245
000246
000246
000247
000247
000247
000248
000248
000248
000248
000250
000250
000250
000250
000250
000251
000251
000252
000252
000252
000252
000252
000253
000253
000253
000253
000255
000255
000255
000255
000255
000256
000256
000257
000257
000258
000258
000260
000260
000261
000262
000262
000262
000262
000262
000263
000263
000264
000264
000265
000265
000265
000266
000266
000266
000267
000267
000267
000268
000268
000268
000268
000269
000269
000269
000269
000270
000270
000271
000271
000271
000272
000272
000273
000273
000273
000274
000274
000274
000276
000276
000277
000277
000277
000278
000278
000279
000279
000279
000279
000280
000280
000281
000282
000283
000284
000286
000286
000286
000286
000286
000286
000287
000287
000287
000288
000289
000289
000291
000291
000291
000291
000293
000293
000294
000295
000295
000295
000296
000297
000298
000299
000299
000299
000300
000300
000300
000300
000302
000303
000303
000304
000304
000305
000305
000305
000305
000305
000306
000306
000306
000307
000307
000307
000307
000309
000309
000309
000310
000310
000310
000310
000311
000312
000314
000314
000315
000316
000316
000316
000316
000318
000319
000319
000319
000320
000320
000320
000320
000320
000322
000323
000323
000324
000324
000324
000325
000325
000328
000328
000328
000328
000329
000330
000330
000331
000331
000332
000332
000332
000332
000333
000333
000333
000334
000336
000336
000336
000336
000336
000337
000337
000338
000340
000341
000342
000342
000343
000344
000345
000345
000345
000346
000346
000346
000347
000349
000349
000350
000350
000351
000351
000352
000352
000352
000353
000354
000354
000354
000354
000355
000355
000356
000356
000356
000356
000356
000359
000359
000360
000361
000361
000363
000364
000364
000365
000365
000365
000365
000365
000366
000366
000366
000367
000368
000368
000369
000369
000369
000369
000370
000371
000371
000372
000372
000372
000372
000372
000373
000373
000374
000375
000376
000376
000377
000377
000377
000378
000378
000378
000379
000379
000381
000381
000381
000381
000381
000382
000382
000384
000386
000387
000389
000389
000390
000390
000390
000390
000391
000391
000391
000392
000392
000392
000394
000394
000394
000394
000394
000395
000395
000396
000397
000397
000397
000397
000398
000398
000398
000399
000399
000400
000400
000400
000400
000401
000401
000401
000401
000402
000402
000403
000403
000403
000404
000404
000406
000406
000407
000407
000408
000408
000409
000409
000411
000411
000412
000412
000413
000414
000416
000417
000418
000418
000419
000419
000419
000420
000420
000421
000421
000421
000421
000421
000422
000422
000423
000423
000424
000425
000425
000425
000425
000425
000425
000425
000426
000426
000427
000427
000428
000430
000431
000432
000432
000432
000432
000433
000433
000435
000436
000436
000437
000437
000437
000437
000437
000438
000438
000439
000439
000440
000440
000441
000441
000441
000442
000443
000443
000444
000444
000444
000445
000447
000447
000447
000447
000447
000447
000447
000447
000449
000449
000449
000450
000451
000452
000453
000455
000456
000456
000456
000457
000457
000457
000459
000460
000462
000462
000462
000462
000462
000463
000463
000463
000463
000464
000464
000465
000465
000465
000466
000466
000467
000468
000468
000468
000469
000470
000470
000470
000471
000471
000471
000471
000471
000472
000472
000473
000474
000474
000474
000474
000475
000476
000477
000477
000477
000478
000478
000479
000479
000480
000481
000481
000481
000482
000482
000482
000482
000483
000485
000485
000486
000486
000486
000487
000487
000488
000488
000489
000489
000489
000489
000489
000491
000492
000492
000494
000494
000494
000494
000495
000495
000495
000497
000499
000499
000500
000502
000502
000502
000502
000502
000504
000504
000504
000504
000505
000505
000506
000506
000506
000507
000507
000507
000507
000508
000508
000508
000508
000509
000509
000509
000511
000512
000512
000512
000512
000512
000512
000513
000513
000515
000515
000515
000515
000516
000516
000517
000517
000517
000517
000518
000518
000518
000518
000518
000519
000519
000520
000520
000521
000521
000522
000523
000523
000523
000524
000524
000525
000526
000526
000526
000526
000526
000527
000528
000529
000531
000532
000532
000533
000533
000533
000533
000533
000534
000534
000534
000534
000535
000535
000536
000537
000537
000538
000538
000539
000540
000541
000542
000542
000543
000543
000544
000544
000544
000544
000545
000545
000545
000545
000546
000546
000546
000546
000547
000547
000548
000548
000548
000548
000549
000549
000549
000549
000550
000550
000551
000551
000551
000552
000552
000553
000553
000553
000553
000554
000554
000555
000557
000558
000559
000559
000559
000559
000560
000560
000560
000561
000561
000561
000562
000563
000563
000564
000564
000565
000568
000568
000568
000568
000569
000570
000570
000570
000570
000571
000571
000571
000572
000572
000573
000574
000574
000574
000576
000576
000576
000577
000579
000579
000580
000580
000580
000582
000583
000583
000584
000585
000585
000586
000587
000588
000588
000588
000589
000589
000590
000590
000590
000590
000590
000591
000591
000591
000592
000592
000593
000594
000597
000598
000599
000599
000600
000601
000601
000601
000601
000602
000603
000603
000604
000604
000605
000605
000606
000606
000606
000606
000606
000607
000607
000607
000608
000608
000610
000610
000610
000610
000611
000611
000612
000612
000612
000613
000614
000614
000614
000615
000615
000615
000616
000616
000616
000617
000617
000617
000619
000619
000619
000619
000620
000622
000623
000623
000624
000625
000625
000625
000626
000626
000628
000628
000628
000629
000631
000631
000631
000634
000636
000636
000636
000638
000640
000640
000640
000641
000641
000642
000642
000643
000644
000644
000644
000644
000645
000645
000645
000645
000646
000647
000647
000649
000649
000650
000650
000650
000650
000650
000651
000652
000652
000653
000653
000654
000655
000656
000656
000657
000657
000658
000659
000661
000661
000661
000661
000662
000662
000663
000663
000663
000663
000664
000665
000665
000666
000667
000667
000668
000670
000671
000671
000671
000672
000673
000673
000673
000675
000675
000675
000676
000676
000677
000678
000678
000679
000679
000680
000680
000680
000681
000681
000681
000681
000682
000682
000682
000682
000682
000683
000683
000684
000684
000684
000685
000685
000686
000686
000687
000687
000688
000691
000691
000692
000693
000694
000695
000697
000697
000697
000698
000698
000698
000700
000701
000701
000701
000701
000702
000704
000705
000705
000706
000707
000707
000708
000709
000709
000710
000711
000711
000712
000712
000713
000713
000714
000716
000716
000716
000716
000717
000717
000718
000718
000718
000718
000719
000719
000720
000720
000721
000721
000721
000721
000722
000722
000722
000722
000722
000722
000723
000723
000724
000725
000725
000725
000726
000726
000727
000727
000728
000728
000729
000731
000732
000732
000733
000733
000733
000733
000734
000735
000735
000736
000736
000736
000736
000736
000737
000737
000737
000737
000737
000738
000738
000738
000739
000739
000740
000740
000741
000742
000742
000742
000743
000743
000743
000744
000744
000745
000745
000745
000747
000748
000748
000748
000749
000749
000750
000751
000752
000752
000753
000753
000753
000753
000754
000754
000754
000754
000754
000754
000755
000755
000755
000755
000756
000756
000757
000757
000757
000758
000762
000763
000763
000764
000764
000764
000765
000765
000766
000766
000766
000766
000767
000767
000767
000768
000768
000768
000768
000769
000769
000770
000772
000773
000773
000774
000774
000774
000775
000775
000775
000775
000776
000776
000776
000776
000777
000777
000777
000778
000779
000779
000779
000780
000780
000781
000781
000781
000781
000781
000782
000784
000784
000785
000785
000785
000785
000786
000786
000786
000786
000787
000788
000789
000790
000790
000790
000791
000791
000793
000794
000794
000794
000794
000794
000795
000795
000795
000795
000796
000798
000798
000798
000799
000800
000800
000800
000800
000800
000802
000803
000803
000803
000804
000804
000805
000805
000807
000808
000808
000809
000809
000809
000809
000810
000810
000811
000811
000811
000812
000813
000814
000814
000815
000815
000816
000817
000818
000818
000819
000819
000819
000819
000819
000820
000820
000820
000820
000820
000820
000821
000821
000822
000823
000824
000825
000825
000826
000826
000826
000826
000829
000830
000830
000830
000831
000831
000832
000833
000834
000835
000836
000837
000837
000837
000838
000838
000839
000839
000839
000840
000840
000841
000841
000842
000842
000842
000843
000844
000844
000844
000845
000847
000848
000848
000848
000849
000849
000850
000850
000851
000851
000852
000853
000853
000854
000854
000854
000854
000854
000854
000855
000855
000855
000856
000856
000856
000859
000859
000859
000859
000860
000860
000861
000862
000862
000862
000862
000863
000863
000864
000864
000865
000866
000867
000867
000867
000868
000868
000868
000868
000868
000869
000871
000871
000872
000872
000872
000873
000873
000874
000875
000876
000876
000876
000876
000876
000877
000878
000878
000879
000880
000880
000880
000881
000881
000882
000882
000882
000883
000884
000884
000884
000885
000885
000885
000885
000886
000888
000888
000889
000889
000890
000892
000892
000893
000893
000893
000894
000894
000894
000895
000895
000895
000897
000898
000898
000899
000900
000902
000905
000905
000906
000906
000908
000908
000908
000908
000909
000909
000909
000911
000911
000912
000912
000914
000915
000916
000917
000917
000917
000917
000918
000919
000919
000919
000919
000920
000920
000920
000920
000920
000920
000922
000923
000924
000924
000924
000925
000925
000925
000926
000926
000926
000926
000927
000927
000927
000928
000929
000929
000930
000930
000930
000930
000931
000932
000933
000933
000935
000935
000936
000936
000936
000937
000937
000937
000937
000939
000939
000939
000939
000940
000940
000941
000941
000944
000944
000944
000944
000945
000945
000948
000948
000950
000951
000951
000951
000951
000952
000952
000952
000952
000953
000953
000953
000954
000954
000955
000955
000956
000956
000956
000958
000958
000958
000959
000959
000960
000961
000961
000961
000962
000962
000963
000963
000963
000965
000965
000965
000965
000966
000968
000969
000969
000970
000970
000971
000971
000971
000972
000973
000973
000973
000973
000974
000974
000974
000974
000975
000976
000977
000977
000977
000977
000977
000977
000978
000978
000981
000981
000982
000982
000983
000983
000984
000984
000984
000985
000987
000987
000988
000988
000988
000989
000989
000989
000989
000990
000990
000990
000991
000992
000992
000992
000992
000993
000993
000995
000995
000997
000997
000997
000997
000998
000998
000998
000998
000999
000999
001000
001000
900093
900102
900130
900153
900165
900227
900235
900305
900328
900360
900418
900436
900452
900484
900512
900536
900589
900607
900607
900619
900624
900677
900800
900842
900848
900862
900891
900905
901003
901035
901074
901193
901216
901241
901302
901378
901382
901390
901401
901415
901458
901472
901474
901482
901590
901612
901625
901644
901756
901778
901789
901824
901888
901891
901901
901969
901975
902142
902149
902269
902272
902417
902430
902451
902484
902500
902574
902580
902596
902632
902645
902695
902703
902722
902737
902737
902820
902826
902844
902922
902936
903032
903054
903146
903150
903190
903213
903303
903325
903408
903414
903459
903577
903618
903698
903718
903730
903753
903758
903780
903787
903938
904001
904020
904036
904047
904059
904082
904097
904140
904172
904174
904195
904210
904222
904271
904343
904397
904458
904555
904583
904608
904754
904952
904971
904998
905083
905099
905136
905157
905164
905192
905215
905315
905360
905362
905399
905415
905454
905492
905532
905607
905702
905820
905929
905951
905984
906063
906154
906225
906267
906393
906441
906457
906539
906647
906679
906723
906724
906762
906776
906787
906819
906876
906880
906902
906920
906937
906965
906977
907014
907297
907423
907482
907545
907553
907555
907578
907604
907613
907796
907923
908023
908088
908113
908128
908209
908268
908298
908300
908327
908336
908397
908451
908585
908663
908688
908797
908799
908830
908839
908846
908854
908857
908994
909003
909026
909122
909124
909132
909146
909161
909197
909241
909285
909352
909356
909363
909709
909791
909826
909841
909852
909852
909857
909919
910019
910045
910129
910263
910335
910346
910349
910364
910368
910437
910467
910534
910625
910629
910665
910702
910746
910793
910855
910880
910893
910942
911027
911064
911067
911071
911130
911140
911287
911348
911366
911594
911666
911682
911777
911847
911958
911964
912025
912053
912105
912129
912173
912192
912205
912259
912324
912327
912337
912418
912427
912442
912474
912518
912527
912557
912645
912756
912781
912781
912782
912837
912904
912949
912973
913040
913242
913245
913268
913270
913287
913311
913359
913370
913388
913400
913407
913673
913692
913728
913770
913818
913847
913897
913914
914079
914172
914196
914238
914250
914307
914346
914436
914445
914541
914553
914616
914782
914840
914852
914867
914980
914982
914984
914985
915041
915119
915178
915192
915233
915249
915284
915295
915301
915435
915707
915729
915803
915902
916013
916015
916060
916070
916104
916124
916134
916146
916157
916183
916371
916391
916397
916418
916446
916461
916477
916561
916586
916606
916616
916623
916626
916707
916810
916945
916990
917028
917050
917092
917189
917209
917222
917227
917240
917274
917280
917382
917393
917418
917436
917451
917471
917482
917546
917546
917552
917583
917618
917739
917752
917845
917906
917950
917973
918037
918051
918160
918214
918222
918315
918414
918584
918615
918616
918655
918739
918840
918871
918893
918901
918947
919154
919218
919250
919274
919377
919388
919510
919556
919596
919669
919700
919712
919784
919792
919806
919842
919850
920069
920072
920101
920102
920123
920184
920211
920247
920255
920296
920300
920322
920325
920338
920385
920405
920420
920454
920529
920557
920631
920651
920691
920692
920716
920766
920801
920824
920905
921022
921066
921114
921115
921152
921318
921343
921518
921571
921707
921765
921781
921882
921904
921929
921946
922044
922116
922117
922145
922146
922232
922241
922296
922403
922441
922639
922666
922877
922934
922935
922970
923017
923099
923116
923152
923156
923162
923165
923220
923252
923363
923401
923444
923741
923784
923792
923800
923908
924072
924082
924199
924224
924290
924315
924391
924406
924492
924509
924516
924684
924731
924776
924856
924916
924943
924944
924961
925026
925032
925174
925182
925250
925403
925450
925453
925529
925586
925686
925732
925773
925778
925786
925803
925808
925825
925922
925982
925999
926000
926035
926099
926108
926170
926172
926182
926205
926319
926424
926464
926473
926479
926529
926557
926599
926886
927034
927235
927312
927327
927344
927521
927534
927580
927655
927807
927902
927994
928023
928066
928116
928243
928350
928354
928364
928431
928462
928464
928474
928482
928543
928562
928627
928804
928843
928907
928958
928970
929003
929128
929186
929317
929395
929486
929520
929522
929572
929611
929710
929764
929779
929908
930003
930048
930053
930062
930080
930158
930164
930171
930199
930285
930332
930393
930425
930459
930513
930533
930569
930646
930649
930781
930961
930965
931005
931046
931146
931213
931279
931374
931401
931432
931444
931491
931497
931652
931675
931716
931826
931890
931943
931971
932091
932137
932141
932181
932183
932189
932202
932229
932261
932291
932298
932323
932330
932332
932433
932496
932532
932630
932661
932773
932852
932941
932958
932976
933017
933065
933075
933165
933192
933289
933560
933609
933626
933698
933922
933969
934033
934073
934085
934166
934174
934180
934269
934367
934370
934384
934385
934405
934426
934511
934664
934727
934796
934806
934897
934959
935002
935125
935158
935229
935335
935345
935371
935371
935475
935490
935543
935561
935637
935640
935649
935661
935688
935752
935790
935838
935955
935980
935997
936060
936086
936088
936114
936155
936205
936275
936295
936502
936502
936569
936571
936572
936626
936647
936693
936711
936730
936769
936928
936950
937000
937067
937115
937145
937149
937187
937223
937244
937265
937302
937305
937320
937587
937608
937636
937666
937714
937734
937744
937782
937846
938023
938048
938056
938118
938167
938236
938237
938280
938346
938494
938519
938555
938594
938674
938689
938706
938790
938798
938810
938820
938842
938868
938871
938941
938944
938979
938987
938992
939012
939056
939144
939232
939257
939283
939481
939497
939554
939588
939601
939651
939670
939843
940048
940091
940263
940285
940384
940418
940468
940472
940538
940539
940657
940683
940923
940985
941031
941058
941158
941174
941221
941250
941323
941383
941385
941400
941501
941512
941633
941739
941743
941821
941824
941845
941895
941943
942185
942213
942276
942277
942297
942394
942433
942571
942614
942625
942633
942645
942697
942784
942791
942915
943076
943164
943174
943197
943217
943263
943436
943450
943456
943520
943740
943977
943996
944000
944097
944190
944210
944258
944261
944309
944310
944336
944386
944398
944408
944423
944532
944592
944775
944798
944864
945028
945062
945151
945177
945182
945206
945266
945284
945440
945471
945502
945562
945564
945633
945660
945757
945884
945895
945913
945933
946084
946127
946166
946225
946309
946409
946451
946465
946476
946566
946617
946621
946671
946689
946777
946876
946878
946899
946953
946972
946994
947007
947046
947116
947148
947198
947253
947298
947301
947303
947309
947440
947494
947516
947613
947695
947743
947808
947832
947850
947931
947936
948001
948024
948032
948043
948065
948076
948090
948093
948253
948270
948283
948314
948318
948338
948357
948431
948455
948530
948548
948576
948621
948636
948640
948658
948665
948697
948788
948880
948916
948919
948936
948989
948998
949152
949215
949326
949349
949390
949425
949465
949570
949665
949734
949741
949744
949752
949766
949802
949820
949920
949948
949978
950130
950143
950158
950297
950420
950548
950627
950718
950798
950866
950870
950889
950979
951001
951034
951052
951095
951121
951193
951275
951312
951349
951367
951378
951390
951418
951434
951664
951766
951771
951790
951839
951899
951900
951908
951915
952113
952271
952276
952360
952399
952400
952431
952451
952825
952855
952855
952861
952863
952924
953042
953250
953294
953331
953340
953421
953496
953520
953575
953580
953595
953610
953645
953693
953693
953819
954002
954049
954087
954128
954134
954210
954253
954268
954281
954392
954408
954425
954457
954479
954492
954504
954537
954586
954599
954677
954692
954753
954773
954842
954845
954938
954940
954983
955037
955048
955414
955417
955454
955464
955556
955612
955673
955818
955821
955842
955883
955987
955995
956030
956082
956146
956155
956192
956334
956374
956389
956409
956432
956506
956530
956534
956576
956579
956665
956707
956739
956740
956772
956864
956908
956977
956987
956991
957045
957058
957082
957101
957181
957216
957300
957350
957357
957384
957544
957565
957583
957615
957639
957674
957773
957910
957992
958114
958146
958158
958203
958235
958268
958312
958341
958342
958580
958606
958610
958734
958869
958887
958913
958951
958957
958997
959049
959061
959115
959133
959143
959160
959222
959223
959228
959240
959382
959445
959462
959518
959756
959802
959956
960066
960075
960109
960134
960213
960267
960310
960313
960313
960350
960387
960504
960587
960698
960724
960770
960796
960827
960891
960941
960993
961029
961153
961155
961197
961217
961245
961293
961310
961337
961360
961446
961508
961520
961562
961570
961667
961670
961671
961729
961742
961752
961774
961824
961874
961879
961886
962034
962063
962134
962134
962137
962151
962244
962248
962320
962345
962352
962463
962467
962503
962565
962573
962576
962581
962685
962708
962732
962815
962819
962855
962866
962881
962922
962995
963145
963206
963266
963380
963490
963532
963533
963586
963612
963694
963698
963779
963836
963841
963882
963910
963912
963940
964011
964016
964018
964023
964120
964252
964421
964466
964489
964555
964582
964688
964690
964833
964898
964911
964960
964976
964977
965028
965099
965150
965215
965230
965231
965254
965271
965367
965377
965391
965444
965446
965446
965488
965544
965564
965581
965624
965647
965666
965723
965759
965879
965901
965911
966025
966137
966143
966144
966237
966440
966502
966542
966573
966648
966713
966716
966772
966790
966833
966884
966931
967118
967209
967209
967228
967241
967294
967329
967625
967660
967674
967726
967727
967757
967763
967858
967867
967910
967946
967956
967965
967967
967984
967997
967999
968030
968086
968211
968262
968333
968423
968429
968437
968444
968490
968493
968519
968688
968742
968790
968903
969104
969195
969220
969250
969257
969260
969289
969291
969336
969352
969355
969500
969501
969676
969755
969833
969882
969908
969921
969949
970043
970205
970215
970226
970267
970294
970330
970388
970484
970529
970543
970630
970656
970829
970830
970863
970864
970913
970936
970955
970989
971046
971056
971132
971145
971227
971244
971266
971294
971476
971521
971594
971605
971619
971643
971671
971721
971736
971746
971750
971927
971988
972020
972046
972053
972095
972163
972165
972206
972395
972407
972416
972466
972571
972605
972622
972683
972752
972768
972781
972877
972905
973059
973076
973111
973293
973367
973394
973469
973492
973544
973606
973624
973635
973639
973673
973681
973686
973690
973696
973720
973772
973849
973884
973919
973969
973998
974028
974057
974144
974292
974296
974336
974430
974505
974552
974586
974640
974806
974877
974885
974997
975081
975085
975087
975147
975293
975411
975650
975776
975826
975850
975869
975893
975928
976016
976051
976208
976254
976319
976357
976420
976436
976466
976519
976540
976682
976767
976920
976985
977050
977056
977125
977185
977304
977368
977386
977388
977466
977512
977521
977539
977573
977626
977709
977710
977840
977880
977945
978097
978115
978159
978221
978246
978253
978299
978334
978453
978490
978631
978640
978640
978657
978663
978731
978772
978922
978927
978978
978994
978996
979054
979205
979327
979362
979364
979549
979573
979620
979660
979706
979814
979857
979985
979991
980035
980039
980064
980088
980167
980184
980233
980417
980500
980553
980602
980620
980845
980868
980891
980901
980903
980967
980985
981007
981023
981035
981072
981267
981275
981339
981360
981377
981390
981396
981420
981437
981460
981514
981565
981647
981762
981827
981863
981919
981952
982011
982039
982165
982211
982236
982275
982413
982433
982437
982446
982525
982632
982649
982677
982774
982854
982916
982936
982970
983066
983069
983146
983169
983226
983343
983348
983389
983405
983509
983562
983629
983678
983683
983781
983865
984036
984206
984280
984289
984321
984363
984374
984382
984397
984414
984644
984690
984794
984832
984861
984889
984899
985037
985094
985137
985141
985192
985243
985284
985365
985476
985518
985549
985750
985818
985963
986136
986144
986364
986536
986559
986562
986620
986622
986675
986720
986735
986880
986921
987073
987132
987201
987267
987299
987318
987398
987410
987451
987529
987567
987568
987664
987743
987748
987778
987787
987838
987861
987868
987894
987943
988143
988154
988171
988199
988258
988270
988293
988374
988393
988411
988426
988520
988679
988755
988874
988888
989102
989113
989140
989155
989202
989206
989267
989353
989411
989414
989416
989431
989443
989553
989564
989722
989757
989762
989838
989921
989945
989962
990021
990040
990070
990115
990139
990169
990241
990283
990319
990353
990355
990388
990432
990494
990558
990571
990629
990696
990736
990787
990805
990980
991008
991014
991045
991118
991154
991172
991210
991241
991251
991274
991350
991380
991542
991622
991712
991776
991784
991858
991896
991907
991996
992008
992019
992037
992041
992047
992112
992117
992154
992175
992211
992252
992330
992337
992390
992458
992467
992475
992538
992548
992606
992693
992728
992732
992739
992750
992782
992782
992812
992824
992909
992927
992928
993192
993226
993249
993354
993412
993467
993467
993488
993601
993654
993718
993836
993861
994016
994096
994132
994157
994160
994515
994528
994602
994613
994650
994663
994729
994797
994806
994851
994862
994894
995011
995050
995058
995201
995221
995226
995311
995350
995428
995466
995516
995573
995587
995632
995671
995680
995688
995722
995722
995735
995746
995778
995896
995905
995924
995926
995954
996008
996037
996108
996136
996158
996191
996200
996219
996325
996555
996592
996592
996608
996624
996878
996929
997020
997119
997151
997153
997179
997242
997284
997376
997389
997432
997474
997514
997521
997521
997533
997573
997593
997601
997604
997605
997665
997965
997969
997987
998004
998123
998140
998148
998152
998186
998376
998488
998540
998580
998592
998597
998673
998768
998769
998771
998788
998791
998894
998895
998907
998909
998922
998961
998970
999036
999046
999127
999147
999157
999200
999247
999311
999359
999405
999432
999441
999470
999507
999539
999619
999692
999776
999832
999862
999885
