000
000
001
002
003
003
005
005
005
005
005
005
005
006
006
006
006
007
007
007
007
007
008
008
009
009
009
009
011
012
014
015
016
017
017
017
019
019
020
020
021
022
025
025
025
026
026
027
028
029
030
030
031
031
032
032
033
033
033
034
036
037
038
039
039
040
040
040
041
041
041
043
043
044
044
044
045
045
046
046
046
047
047
048
049
049
049
050
050
050
050
051
051
052
052
053
054
054
055
055
057
057
057
058
058
058
059
059
060
060
062
062
062
063
063
063
064
064
064
065
065
065
065
066
066
067
069
070
070
071
071
071
071
072
073
074
074
075
075
075
075
076
077
077
077
078
078
078
078
079
080
080
080
081
082
082
082
083
083
085
085
086
086
087
087
087
087
090
090
091
091
092
094
095
095
095
096
096
096
097
097
097
098
099
099
099
100
101
103
103
103
103
103
104
104
105
105
106
106
106
106
106
107
108
109
109
110
111
111
112
112
113
113
113
113
114
114
115
116
116
117
117
117
119
119
120
121
122
122
122
123
123
124
125
125
125
125
125
126
127
127
127
127
127
128
128
129
130
130
131
131
132
133
133
133
133
134
134
136
138
139
139
140
140
141
142
142
142
142
144
144
146
146
148
148
149
149
149
149
149
152
153
153
154
155
156
156
156
156
157
158
158
158
158
159
159
159
160
160
160
161
161
162
163
163
163
164
164
165
165
165
166
167
168
168
168
168
169
169
169
169
169
170
170
171
172
172
172
172
173
173
173
175
175
175
176
177
177
177
178
178
178
179
179
180
180
180
182
183
184
184
184
185
185
185
185
187
187
189
189
191
192
193
194
194
194
194
194
194
195
195
196
196
197
197
197
198
198
200
201
202
202
202
203
203
203
204
205
205
205
205
206
206
207
207
208
208
208
208
209
209
209
209
210
211
212
212
213
213
214
214
215
215
216
216
216
217
217
217
218
218
219
220
221
222
222
222
225
225
225
226
226
226
227
227
228
229
229
231
232
232
233
233
233
234
234
235
236
236
236
237
237
237
238
238
238
238
238
239
239
240
240
240
241
242
242
242
242
244
244
244
244
245
246
247
247
248
248
249
249
249
249
249
250
250
251
251
252
253
253
255
256
256
256
257
257
257
258
259
259
260
260
261
262
263
264
265
265
265
265
266
266
268
268
269
269
269
271
271
272
272
273
273
273
273
273
273
273
275
275
276
276
276
276
277
277
277
278
278
278
278
280
281
282
282
282
283
284
285
286
287
288
288
288
289
289
289
290
292
292
292
294
294
295
295
296
296
296
296
296
297
298
298
299
299
300
301
302
302
302
302
303
303
303
304
304
304
305
305
306
306
306
308
308
309
311
313
313
314
315
315
316
319
319
320
320
321
321
321
323
323
323
323
324
324
325
325
325
326
326
327
327
328
328
328
328
329
330
330
330
331
334
334
335
336
337
337
337
337
338
338
339
339
339
339
340
340
340
341
341
341
342
342
343
343
343
344
344
345
346
346
346
346
347
347
347
348
348
349
349
350
351
352
352
352
352
353
353
354
354
355
355
355
357
357
357
357
358
358
359
359
359
360
360
360
361
363
363
364
364
364
365
365
365
365
366
367
367
367
368
369
370
370
371
371
371
372
373
373
375
375
376
376
376
377
377
377
378
379
379
379
380
381
381
381
383
384
384
385
385
385
386
386
386
387
387
387
388
388
388
389
390
390
391
392
392
392
393
394
395
395
396
396
398
398
398
399
399
400
400
402
402
403
403
404
404
404
404
404
405
405
405
406
406
407
407
407
409
409
410
411
411
411
411
412
412
412
412
412
413
413
414
415
415
416
416
417
417
417
418
418
418
419
419
419
420
420
420
420
421
421
422
422
422
422
423
423
423
423
424
425
425
425
426
426
426
426
427
427
427
427
429
429
430
430
430
430
430
431
431
432
432
432
432
433
434
434
434
434
435
435
435
436
437
437
438
438
438
439
439
439
440
440
442
443
444
445
445
445
445
446
446
446
446
447
448
448
449
450
450
451
451
451
451
451
451
452
453
453
454
454
456
456
457
458
458
458
459
460
460
460
460
461
461
462
462
463
463
463
463
465
465
465
465
465
465
466
466
466
466
467
467
468
468
468
469
470
470
470
471
471
472
472
473
475
475
476
476
477
478
478
478
480
480
480
481
481
481
482
483
483
484
484
485
486
486
486
486
487
488
490
491
491
491
492
492
492
493
493
493
493
493
494
495
495
495
496
498
498
498
498
499
499
499
499
499
500
500
500
500
501
501
502
503
503
503
504
504
504
504
505
505
505
506
508
509
509
510
510
511
511
512
512
513
513
514
514
514
515
515
515
515
516
517
518
518
519
519
519
520
520
521
521
522
523
523
523
525
525
525
526
526
528
528
529
529
530
531
531
531
533
533
533
533
533
534
534
534
535
535
536
536
536
536
537
537
537
538
538
540
540
540
541
541
541
542
542
543
543
544
545
545
546
546
546
546
546
548
548
548
549
550
550
550
550
551
551
552
553
553
555
555
556
556
556
556
556
557
557
557
557
557
557
558
561
561
562
562
563
564
564
564
565
566
566
566
567
567
567
567
568
568
568
568
570
571
572
572
573
574
575
575
575
575
575
576
577
578
579
579
580
581
582
583
583
584
584
584
584
584
584
584
585
585
585
586
586
586
586
586
586
587
588
588
588
589
590
591
591
591
591
592
592
592
593
594
594
594
595
598
598
599
600
600
601
601
602
602
603
607
607
608
609
609
609
609
609
610
610
610
610
611
611
611
612
612
615
615
615
615
616
616
616
616
617
617
618
618
618
619
619
620
621
621
621
622
622
623
624
624
625
626
626
626
626
627
627
627
628
628
629
630
630
631
631
631
632
632
633
633
635
635
636
636
636
638
638
638
639
640
640
641
641
641
641
641
642
642
642
645
645
645
646
646
647
647
647
647
647
648
648
649
649
649
649
649
649
650
650
650
650
651
651
651
651
652
652
653
654
654
655
656
659
659
660
661
661
661
661
661
661
662
662
662
663
666
668
668
668
669
669
669
670
670
671
672
672
672
673
673
674
674
676
676
676
677
677
678
678
678
678
679
679
679
680
680
680
681
681
681
681
681
682
682
683
683
684
684
684
684
685
686
687
688
689
689
689
689
690
690
692
692
693
694
694
695
695
695
695
695
696
697
698
699
700
701
702
702
703
703
704
704
704
705
705
706
708
708
708
709
709
709
710
711
711
711
711
712
713
713
713
714
714
714
715
715
715
716
716
717
717
717
717
718
719
719
719
720
720
720
720
721
721
723
723
723
725
725
726
727
727
728
728
728
728
728
728
729
730
730
730
730
730
730
730
731
732
733
733
734
734
734
735
737
737
738
738
738
738
738
740
741
741
741
742
742
743
744
745
745
746
746
746
746
747
747
748
748
748
748
749
749
749
749
750
750
750
750
753
754
754
755
755
756
756
756
757
757
759
760
760
761
761
762
762
762
765
766
768
769
769
770
770
770
771
771
773
773
773
774
775
775
775
776
777
777
778
778
780
780
781
781
781
781
782
782
782
782
785
786
786
787
787
788
788
789
789
789
789
789
790
790
790
790
791
791
792
792
792
793
793
794
795
796
796
796
797
797
798
798
799
799
799
799
800
802
803
803
804
804
805
805
806
806
806
807
808
808
810
810
810
810
811
812
813
813
813
814
814
815
816
817
817
818
819
819
820
821
821
821
821
821
822
822
824
825
825
825
825
825
826
827
827
827
828
828
830
831
832
832
833
833
835
835
835
835
837
837
837
837
837
837
838
838
839
839
839
841
842
843
843
843
844
844
845
845
845
847
847
850
850
850
851
851
852
852
852
852
852
852
852
853
853
854
854
854
854
854
855
855
855
856
857
857
858
859
859
859
859
860
860
860
861
862
863
864
864
864
864
864
865
865
865
866
866
866
868
868
868
870
870
871
871
871
872
874
874
874
874
874
874
875
876
877
877
877
877
878
879
879
881
881
881
881
882
882
883
883
884
884
884
885
885
886
886
887
887
887
888
888
889
889
889
889
889
890
890
891
891
891
892
892
893
893
894
894
894
895
895
895
896
896
896
897
897
897
898
899
899
900
901
902
902
903
903
904
904
904
904
905
905
905
905
906
907
907
907
908
908
909
909
911
911
912
913
913
913
914
914
914
915
916
916
916
916
917
917
917
917
918
919
919
919
919
920
920
920
921
921
922
923
923
924
924
924
925
925
925
926
926
927
927
927
928
928
929
930
930
930
931
932
933
934
934
935
935
935
935
935
936
936
937
938
939
939
939
941
941
941
942
943
943
944
944
944
945
945
945
945
945
946
946
947
948
948
949
949
951
951
951
951
952
953
953
955
955
956
957
958
958
959
959
959
959
960
960
961
961
962
964
964
965
967
967
968
968
969
969
970
970
972
972
972
973
973
974
974
975
977
978
978
979
979
979
980
980
980
981
981
981
982
982
982
983
983
984
985
985
985
986
986
987
987
987
988
988
988
989
990
991
992
992
993
994
994
995
998
998
999
999
