0024
0082
0118
0129
0157
0206
0224
0235
0406
0507
0628
0677
0810
0867
0881
0945
1006
1059
1072
1141
1183
1274
1307
1340
1372
1418
1439
1474
1636
1673
1702
1718
1750
1880
1925
1990
2006
2090
2104
2104
2144
2212
2323
2403
2407
2465
2494
2584
2615
2620
2663
2782
2803
2817
2830
2861
2907
2930
2969
3000
3016
3020
3027
3084
3084
3092
3265
3352
3443
3473
3493
3513
3625
3644
3698
3727
3791
3832
4220
4248
4249
4255
4264
4378
4555
4621
4667
4703
4704
4741
4877
4992
5165
5186
5213
5238
5302
5311
5315
5321
5363
5393
5413
5439
5577
5578
5592
5613
5630
5720
5843
5850
5889
5918
5933
5967
5969
6084
6127
6189
6203
6271
6284
6287
6299
6555
6606
6759
6871
6885
6895
6921
6925
6959
6966
6996
7078
7128
7152
7202
7204
7217
7289
7431
7485
7616
7672
7786
7837
7841
7850
7856
7875
7912
7959
8101
8125
8202
8338
8372
8437
8487
8494
8512
8526
8573
8632
8707
8738
8766
8780
8854
8867
9018
9030
9066
9123
9130
9133
9185
9216
9305
9341
9364
9411
9412
9421
9455
9484
9487
9494
9599
9651
9679
9741
9763
9799
9833
9923
9995
