00209
02504
05724
07419
08441
09724
11064
11161
11804
12538
12870
13782
14706
15702
16316
17571
17605
18109
18952
19043
19416
19595
20059
22625
23117
23963
24204
24500
25891
25932
25953
25953
26699
27601
28749
29258
29575
29829
30150
30745
31179
31258
33081
34282
34319
34463
34929
37841
38312
38371
38630
39579
40765
41755
42346
42829
45461
46216
46296
46762
46784
46826
49582
53824
54478
55211
56244
57516
57969
58261
59186
59578
59846
60351
64308
64717
65086
68209
69194
70583
71286
71471
72497
73010
73717
74007
74892
75216
75335
75838
76300
77824
78325
79608
80228
81399
81510
81720
82432
82917
83461
84265
88004
88270
88306
89590
90554
91584
92019
92239
92676
92695
93119
95375
96631
97042
98380
99244
99305
99648
