180 6
500057
500081
500055
999943
500082
000069
000011
000015
500098
999990
999955
999940
999955
500016
500013
500036
500028
500034
500061
999957
999975
000008
999952
000034
500027
500088
999983
500060
999902
999906
000017
500016
000047
999947
500040
500094
500044
999942
000034
999947
000003
000080
999940
500068
000045
500054
000031
999954
000081
000049
500021
000098
999940
000095
500002
000100
500007
000009
000013
500007
500085
000021
500056
999960
000084
000043
999928
000046
999918
999935
999985
999967
500020
000082
500091
500012
999999
999957
999907
999922
500074
999993
999981
999908
999926
999902
999929
500018
999901
000014
000074
000012
999946
999962
999983
500039
500001
999948
500071
999934
500100
000089
999940
500068
999968
000004
000021
000050
000029
500053
500039
999980
500086
999966
500047
999995
999923
000042
500002
000069
000004
000025
000089
500086
500026
000053
000008
500100
000066
000087
999970
999987
500029
500063
000056
999967
999984
500092
500090
500028
999976
000018
000026
000041
000003
500077
500012
000063
500026
500012
500061
999937
000091
999978
000001
500016
000051
000048
000086
500069
500032
500084
000088
500087
000046
999967
999915
999964
000017
999933
000026
000058
999954
999995
500096
999926
999978
000064
000042
000018
