3000 4
0005
0007
0007
0013
0015
0019
0020
0022
0026
0028
0032
0033
0033
0044
0047
0049
0057
0058
0059
0059
0071
0073
0076
0090
0093
0102
0107
0109
0109
0117
0121
0129
0132
0137
0139
0141
0145
0147
0147
0149
0150
0156
0157
0157
0162
0168
0172
0172
0173
0175
0179
0179
0179
0181
0182
0185
0185
0186
0190
0193
0200
0203
0204
0205
0206
0212
0213
0215
0215
0222
0225
0230
0239
0246
0251
0253
0257
0257
0267
0270
0273
0278
0282
0283
0285
0285
0288
0292
0293
0294
0294
0294
0299
0302
0305
0308
0313
0324
0327
0328
0333
0340
0344
0346
0346
0349
0352
0359
0360
0365
0366
0370
0370
0374
0377
0379
0380
0386
0387
0394
0395
0401
0405
0406
0407
0407
0409
0412
0416
0419
0424
0424
0425
0427
0434
0440
0441
0453
0456
0459
0468
0469
0469
0471
0475
0475
0477
0482
0499
0501
0503
0508
0510
0511
0511
0518
0521
0525
0526
0526
0534
0537
0542
0547
0553
0553
0559
0561
0573
0574
0578
0579
0585
0594
0595
0599
0601
0602
0608
0610
0610
0614
0616
0617
0620
0622
0627
0634
0639
0640
0642
0643
0644
0650
0651
0654
0664
0664
0669
0672
0673
0675
0677
0681
0682
0682
0684
0685
0688
0689
0692
0696
0701
0707
0708
0714
0714
0717
0724
0724
0727
0729
0740
0743
0745
0753
0755
0755
0758
0759
0762
0764
0765
0769
0771
0771
0771
0772
0774
0787
0789
0791
0792
0792
0793
0799
0803
0803
0804
0805
0813
0815
0816
0819
0832
0834
0836
0843
0844
0847
0848
0856
0863
0864
0865
0871
0872
0877
0877
0879
0881
0885
0888
0889
0890
0891
0891
0897
0900
0901
0902
0904
0908
0919
0929
0931
0938
0938
0940
0941
0944
0948
0948
0948
0950
0951
0963
0963
0972
0974
0977
0979
0980
0993
0998
0999
1000
1000
1001
1005
1006
1008
1015
1020
1021
1022
1022
1025
1025
1026
1032
1047
1047
1049
1051
1055
1061
1062
1062
1074
1080
1084
1086
1087
1091
1096
1096
1104
1109
1109
1110
1124
1127
1134
1137
1138
1143
1144
1150
1160
1162
1171
1174
1177
1182
1184
1184
1193
1195
1197
1199
1200
1202
1208
1209
1226
1231
1233
1238
1244
1245
1248
1249
1251
1251
1251
1255
1260
1261
1262
1267
1268
1275
1285
1287
1292
1302
1303
1308
1309
1313
1313
1315
1318
1326
1327
1327
1330
1335
1339
1343
1347
1352
1353
1358
1358
1360
1368
1372
1375
1379
1379
1385
1392
1393
1403
1404
1406
1409
1409
1410
1411
1411
1412
1413
1413
1417
1418
1420
1426
1427
1428
1429
1430
1436
1444
1444
1445
1449
1452
1453
1453
1455
1458
1470
1473
1477
1478
1484
1488
1489
1491
1494
1494
1496
1510
1514
1514
1515
1519
1520
1526
1527
1534
1539
1544
1544
1547
1551
1554
1554
1555
1555
1556
1559
1559
1559
1566
1578
1582
1583
1586
1588
1593
1601
1602
1610
1614
1620
1622
1622
1624
1624
1626
1636
1639
1641
1642
1644
1647
1650
1651
1653
1658
1660
1663
1669
1676
1678
1687
1691
1696
1696
1699
1707
1708
1708
1709
1712
1713
1714
1723
1729
1732
1739
1742
1743
1750
1750
1760
1761
1767
1768
1782
1782
1794
1796
1797
1800
1801
1804
1810
1817
1818
1824
1826
1832
1836
1840
1841
1843
1843
1843
1845
1846
1847
1847
1848
1849
1850
1853
1853
1864
1865
1871
1874
1875
1881
1883
1885
1890
1898
1902
1903
1907
1909
1917
1917
1918
1918
1919
1932
1932
1940
1940
1945
1951
1956
1958
1959
1959
1960
1962
1967
1970
1970
1973
1977
1978
1981
1983
1989
1993
2003
2005
2006
2016
2019
2020
2020
2023
2025
2029
2050
2053
2054
2054
2055
2061
2061
2062
2063
2064
2065
2070
2072
2074
2079
2081
2083
2083
2085
2086
2093
2097
2100
2100
2100
2104
2105
2106
2108
2108
2109
2109
2117
2121
2124
2125
2125
2132
2136
2136
2139
2143
2144
2147
2164
2165
2166
2166
2167
2172
2173
2178
2179
2179
2182
2186
2190
2192
2194
2194
2202
2204
2211
2212
2212
2213
2214
2215
2216
2218
2223
2227
2231
2232
2232
2247
2250
2256
2257
2261
2264
2265
2269
2273
2273
2277
2278
2292
2296
2297
2308
2315
2319
2319
2321
2328
2328
2332
2332
2337
2337
2343
2354
2358
2371
2377
2380
2382
2386
2387
2388
2391
2393
2394
2395
2398
2399
2402
2405
2414
2418
2419
2419
2419
2426
2431
2448
2452
2453
2459
2459
2463
2470
2475
2478
2478
2482
2487
2492
2493
2495
2498
2514
2514
2515
2516
2519
2523
2528
2529
2530
2530
2531
2534
2536
2540
2549
2551
2555
2558
2560
2561
2563
2566
2566
2568
2569
2579
2580
2582
2583
2596
2600
2602
2604
2604
2605
2605
2607
2608
2609
2614
2622
2623
2625
2630
2631
2633
2634
2637
2640
2641
2643
2644
2648
2648
2653
2658
2661
2665
2666
2667
2672
2675
2676
2677
2682
2684
2685
2691
2692
2692
2694
2700
2700
2700
2702
2706
2711
2720
2722
2726
2727
2731
2732
2743
2744
2744
2746
2748
2750
2751
2751
2765
2765
2770
2770
2772
2773
2775
2778
2780
2782
2782
2784
2786
2788
2791
2792
2797
2801
2808
2810
2812
2813
2816
2823
2824
2831
2836
2836
2836
2841
2842
2844
2845
2848
2850
2853
2856
2858
2859
2863
2866
2869
2870
2875
2876
2876
2877
2880
2880
2881
2885
2887
2894
2894
2894
2897
2901
2902
2907
2908
2914
2914
2924
2926
2926
2929
2933
2950
2950
2951
2953
2963
2963
2965
2967
2968
2970
2972
2972
2983
2985
2985
2988
2995
2995
3021
3023
3029
3035
3036
3045
3046
3048
3050
3054
3061
3066
3068
3069
3077
3080
3081
3083
3083
3101
3103
3104
3111
3112
3115
3117
3119
3121
3124
3124
3127
3128
3129
3145
3151
3155
3158
3164
3168
3172
3178
3179
3182
3184
3184
3185
3189
3194
3199
3199
3203
3206
3210
3210
3213
3216
3219
3224
3230
3234
3240
3243
3243
3245
3249
3249
3257
3258
3259
3259
3263
3263
3268
3269
3269
3273
3276
3283
3295
3296
3296
3296
3312
3313
3317
3321
3321
3328
3330
3336
3342
3343
3345
3348
3353
3354
3358
3359
3362
3376
3376
3377
3386
3389
3390
3393
3398
3405
3405
3406
3407
3408
3412
3421
3423
3426
3432
3434
3437
3441
3443
3448
3450
3455
3458
3461
3462
3464
3466
3468
3481
3483
3491
3496
3501
3505
3506
3509
3515
3515
3520
3525
3528
3532
3532
3535
3535
3538
3540
3545
3550
3557
3560
3566
3568
3570
3573
3576
3582
3596
3597
3600
3601
3605
3609
3616
3618
3618
3620
3623
3625
3635
3637
3639
3639
3642
3644
3649
3649
3654
3654
3656
3660
3661
3663
3664
3665
3665
3666
3669
3677
3680
3681
3684
3690
3699
3699
3703
3703
3708
3709
3714
3715
3724
3729
3731
3736
3737
3738
3739
3743
3750
3752
3753
3753
3755
3760
3764
3768
3770
3771
3775
3776
3777
3778
3778
3781
3783
3787
3789
3795
3796
3796
3797
3803
3803
3806
3806
3816
3816
3817
3820
3821
3822
3822
3828
3832
3832
3833
3834
3839
3844
3852
3854
3859
3860
3860
3860
3864
3864
3868
3872
3882
3883
3892
3894
3894
3902
3905
3908
3913
3922
3925
3926
3928
3934
3935
3935
3938
3949
3954
3954
3962
3964
3964
3964
3966
3966
3968
3970
3974
3977
3980
3991
3996
3997
3997
4011
4011
4015
4019
4027
4028
4028
4029
4029
4030
4032
4032
4033
4036
4037
4040
4041
4042
4045
4046
4050
4052
4071
4074
4075
4075
4083
4093
4096
4103
4103
4103
4107
4112
4115
4116
4117
4120
4140
4144
4147
4148
4151
4153
4154
4158
4159
4160
4161
4166
4170
4172
4174
4194
4195
4196
4198
4202
4205
4206
4212
4214
4214
4214
4218
4224
4233
4235
4242
4245
4245
4259
4260
4262
4265
4266
4272
4275
4277
4278
4280
4283
4284
4284
4286
4288
4288
4289
4290
4290
4292
4294
4296
4298
4298
4300
4301
4301
4307
4310
4319
4325
4330
4333
4342
4343
4343
4344
4358
4360
4362
4362
4363
4373
4373
4374
4382
4385
4386
4388
4389
4396
4398
4398
4400
4401
4408
4408
4409
4414
4418
4421
4423
4423
4423
4427
4431
4431
4441
4447
4452
4455
4455
4456
4458
4460
4461
4462
4465
4469
4469
4469
4471
4472
4478
4487
4491
4491
4494
4498
4500
4501
4502
4519
4521
4530
4544
4545
4549
4551
4553
4558
4558
4560
4562
4563
4568
4569
4578
4580
4585
4587
4590
4592
4593
4593
4600
4606
4609
4618
4618
4620
4629
4635
4646
4649
4656
4659
4660
4660
4661
4662
4662
4667
4668
4676
4695
4696
4698
4700
4702
4703
4711
4712
4714
4715
4715
4723
4725
4726
4727
4729
4735
4742
4756
4760
4761
4769
4770
4774
4782
4786
4792
4792
4793
4796
4796
4798
4799
4799
4804
4805
4808
4814
4814
4815
4820
4820
4822
4827
4831
4831
4832
4835
4850
4854
4855
4855
4856
4858
4858
4861
4862
4872
4872
4872
4872
4883
4884
4886
4888
4905
4909
4910
4913
4919
4919
4921
4924
4925
4925
4929
4930
4932
4933
4937
4939
4944
4951
4952
4953
4954
4955
4960
4964
4964
4970
4971
4981
4982
4989
5004
5010
5013
5019
5021
5028
5034
5041
5043
5046
5052
5053
5057
5058
5059
5059
5061
5062
5063
5064
5065
5069
5069
5072
5079
5080
5085
5087
5087
5089
5090
5101
5107
5109
5113
5113
5114
5120
5122
5122
5129
5138
5138
5144
5148
5152
5153
5159
5163
5164
5166
5166
5171
5180
5182
5194
5196
5197
5200
5201
5203
5207
5209
5209
5211
5211
5215
5219
5227
5231
5237
5238
5239
5241
5241
5242
5244
5250
5252
5253
5254
5256
5256
5264
5276
5287
5291
5293
5295
5295
5298
5299
5304
5305
5315
5319
5319
5319
5322
5326
5329
5329
5330
5333
5334
5335
5345
5347
5352
5354
5356
5360
5362
5364
5365
5373
5373
5384
5388
5394
5408
5412
5422
5429
5431
5432
5433
5439
5442
5443
5452
5454
5455
5456
5459
5466
5472
5474
5476
5483
5485
5486
5493
5500
5504
5505
5505
5507
5511
5515
5516
5518
5522
5527
5529
5530
5533
5538
5538
5539
5543
5544
5548
5562
5567
5568
5569
5578
5581
5582
5585
5589
5590
5591
5592
5593
5598
5601
5602
5603
5609
5610
5614
5615
5620
5621
5622
5622
5631
5639
5643
5650
5651
5653
5659
5664
5666
5667
5667
5667
5668
5669
5672
5673
5675
5677
5681
5687
5697
5701
5703
5705
5707
5711
5712
5718
5718
5722
5725
5726
5733
5733
5736
5740
5745
5748
5751
5759
5760
5765
5765
5766
5767
5773
5775
5780
5784
5788
5789
5790
5799
5804
5805
5806
5816
5817
5819
5823
5826
5828
5829
5837
5838
5839
5850
5850
5854
5854
5855
5859
5859
5860
5863
5864
5868
5871
5871
5872
5876
5879
5883
5884
5884
5886
5887
5888
5893
5894
5897
5904
5905
5906
5906
5908
5913
5919
5919
5923
5926
5930
5934
5940
5943
5945
5947
5952
5954
5966
5966
5966
5966
5967
5972
5976
5980
5989
5993
5995
5999
5999
6000
6003
6017
6018
6019
6020
6022
6024
6025
6027
6029
6035
6039
6040
6041
6042
6044
6049
6050
6050
6054
6058
6061
6068
6073
6076
6081
6085
6088
6091
6091
6099
6103
6103
6104
6107
6111
6114
6118
6119
6119
6123
6123
6127
6131
6137
6139
6141
6145
6146
6146
6148
6158
6159
6159
6159
6161
6161
6162
6179
6180
6182
6182
6183
6183
6186
6187
6190
6193
6193
6194
6198
6199
6201
6210
6214
6214
6215
6218
6223
6226
6242
6246
6254
6256
6261
6264
6271
6278
6282
6282
6286
6292
6293
6296
6301
6305
6305
6305
6309
6310
6313
6318
6318
6320
6324
6327
6330
6334
6338
6347
6349
6353
6358
6358
6366
6367
6367
6374
6374
6379
6383
6384
6391
6394
6401
6403
6404
6407
6408
6409
6413
6413
6415
6423
6425
6425
6427
6428
6434
6434
6435
6437
6437
6439
6440
6446
6447
6449
6449
6450
6461
6476
6478
6481
6482
6484
6485
6490
6491
6496
6505
6510
6516
6516
6519
6524
6526
6532
6536
6538
6541
6541
6544
6545
6557
6557
6559
6570
6574
6583
6584
6586
6587
6588
6591
6594
6596
6602
6602
6605
6608
6610
6611
6617
6617
6620
6629
6630
6633
6634
6641
6648
6657
6660
6660
6664
6665
6682
6685
6685
6686
6686
6687
6690
6691
6694
6705
6705
6708
6710
6714
6716
6722
6722
6728
6733
6737
6740
6741
6741
6742
6742
6742
6748
6750
6757
6761
6767
6767
6768
6770
6773
6774
6775
6775
6778
6779
6780
6783
6784
6785
6786
6786
6787
6787
6788
6789
6801
6802
6803
6805
6807
6809
6811
6811
6815
6823
6823
6834
6837
6840
6847
6853
6859
6860
6862
6863
6876
6877
6878
6880
6881
6881
6886
6896
6900
6905
6909
6911
6917
6918
6919
6921
6926
6928
6937
6940
6943
6947
6947
6951
6954
6976
6978
6980
6983
6985
6986
6991
6992
6993
6997
6997
6998
7007
7009
7010
7011
7011
7013
7023
7034
7038
7038
7040
7049
7056
7058
7060
7064
7066
7067
7072
7078
7086
7088
7089
7093
7096
7098
7099
7109
7111
7111
7111
7113
7114
7114
7114
7124
7126
7131
7132
7138
7143
7151
7155
7156
7157
7158
7169
7170
7173
7174
7176
7176
7184
7190
7195
7197
7204
7208
7210
7212
7217
7217
7223
7224
7228
7229
7232
7232
7239
7240
7243
7246
7248
7249
7259
7265
7267
7267
7269
7270
7278
7280
7286
7292
7294
7295
7305
7309
7312
7314
7315
7315
7316
7324
7325
7326
7338
7340
7343
7343
7347
7349
7352
7353
7355
7357
7357
7358
7366
7367
7374
7385
7389
7389
7402
7403
7407
7407
7407
7409
7410
7416
7417
7431
7431
7433
7433
7442
7443
7446
7447
7454
7454
7456
7457
7462
7470
7471
7472
7474
7477
7492
7492
7495
7501
7502
7502
7510
7521
7527
7532
7533
7536
7540
7541
7543
7546
7553
7557
7559
7562
7570
7581
7594
7597
7607
7624
7624
7634
7637
7654
7659
7659
7660
7665
7671
7673
7674
7677
7678
7679
7683
7685
7687
7691
7691
7696
7697
7704
7713
7723
7734
7736
7736
7738
7739
7739
7749
7749
7751
7753
7755
7759
7766
7767
7769
7769
7771
7771
7778
7778
7780
7789
7793
7794
7794
7796
7810
7830
7830
7835
7837
7845
7851
7854
7857
7859
7860
7868
7872
7877
7879
7889
7891
7897
7903
7906
7910
7921
7925
7932
7934
7938
7941
7945
7946
7954
7957
7958
7962
7966
7970
7974
7975
7975
7977
7979
7983
7985
7986
7990
7993
7994
8002
8016
8019
8022
8026
8035
8037
8042
8043
8044
8046
8055
8056
8058
8063
8066
8066
8077
8081
8086
8092
8107
8109
8113
8141
8141
8143
8144
8145
8148
8161
8163
8165
8169
8172
8178
8182
8185
8185
8190
8190
8192
8193
8199
8203
8205
8207
8208
8215
8221
8230
8232
8232
8236
8241
8242
8243
8245
8259
8260
8266
8273
8273
8275
8276
8276
8276
8279
8279
8279
8284
8286
8296
8300
8303
8305
8306
8313
8319
8319
8319
8321
8322
8325
8336
8339
8347
8348
8348
8350
8354
8357
8357
8367
8372
8372
8377
8387
8388
8389
8394
8398
8400
8402
8402
8404
8407
8413
8431
8435
8436
8437
8439
8443
8444
8457
8457
8458
8460
8467
8468
8470
8471
8471
8483
8485
8485
8490
8491
8492
8492
8497
8498
8498
8498
8498
8501
8501
8506
8507
8518
8519
8521
8522
8523
8535
8535
8536
8538
8538
8541
8543
8544
8548
8557
8559
8562
8566
8568
8569
8572
8583
8589
8591
8591
8592
8593
8597
8604
8613
8615
8622
8625
8627
8629
8630
8642
8643
8645
8648
8652
8664
8665
8665
8666
8671
8673
8674
8674
8674
8678
8684
8684
8684
8688
8688
8691
8693
8693
8695
8698
8701
8705
8706
8724
8725
8730
8735
8737
8739
8740
8746
8748
8754
8755
8755
8757
8766
8772
8775
8776
8778
8779
8780
8784
8786
8795
8798
8804
8806
8810
8812
8817
8818
8818
8829
8834
8836
8837
8837
8846
8849
8853
8858
8862
8863
8866
8875
8875
8877
8879
8881
8883
8886
8896
8900
8901
8906
8908
8917
8925
8927
8928
8931
8931
8936
8937
8939
8940
8952
8958
8958
8960
8962
8964
8967
8969
8976
8979
8981
8984
8985
8990
8992
8994
8996
9003
9007
9010
9015
9020
9027
9032
9040
9046
9048
9050
9054
9056
9061
9065
9077
9078
9082
9084
9086
9087
9101
9102
9122
9123
9124
9126
9126
9128
9131
9131
9135
9159
9160
9161
9164
9164
9165
9171
9174
9176
9181
9189
9194
9195
9197
9213
9216
9225
9227
9229
9233
9240
9244
9253
9255
9261
9262
9263
9263
9265
9269
9270
9277
9280
9292
9295
9297
9303
9313
9314
9314
9315
9317
9320
9320
9325
9329
9329
9330
9334
9343
9343
9345
9348
9349
9350
9351
9351
9354
9357
9368
9369
9370
9371
9372
9372
9373
9373
9383
9398
9399
9404
9407
9408
9408
9410
9410
9416
9416
9419
9420
9421
9425
9427
9428
9442
9443
9443
9443
9444
9444
9445
9448
9449
9450
9456
9458
9462
9463
9467
9467
9474
9479
9480
9481
9483
9486
9489
9491
9492
9492
9493
9498
9508
9509
9518
9518
9518
9526
9530
9531
9532
9544
9545
9555
9568
9576
9577
9577
9582
9586
9586
9587
9587
9588
9592
9608
9613
9618
9619
9620
9625
9629
9629
9630
9631
9634
9635
9635
9638
9641
9642
9645
9645
9645
9647
9651
9659
9662
9668
9668
9672
9677
9678
9685
9685
9688
9689
9690
9690
9691
9703
9704
9704
9704
9711
9714
9715
9716
9719
9720
9723
9727
9727
9731
9732
9736
9742
9744
9745
9746
9747
9750
9753
9755
9755
9760
9760
9762
9766
9768
9770
9783
9786
9788
9795
9807
9807
9811
9813
9815
9817
9824
9827
9829
9842
9852
9854
9856
9863
9864
9868
9873
9874
9875
9876
9881
9889
9890
9890
9893
9894
9895
9899
9902
9903
9906
9909
9910
9913
9916
9917
9919
9924
9928
9932
9934
9934
9942
9945
9945
9958
9964
9971
9973
9973
9973
9982
9984
9985
9986
9987
9988
9989
9989
9999
