150 3
006
004
036
012
006
010
031
010
036
036
028
010
014
034
033
047
021
015
008
003
043
039
028
011
012
035
017
011
041
012
015
049
044
047
004
036
008
030
031
048
027
022
015
049
032
026
036
042
047
019
009
001
008
007
017
027
023
040
039
021
040
049
041
008
009
010
029
047
028
019
008
012
035
011
037
029
013
002
045
048
045
025
030
044
014
031
004
023
020
037
007
018
004
015
040
021
012
049
048
009
043
021
034
037
021
037
011
027
038
045
002
050
020
044
030
042
007
047
011
018
014
011
021
026
026
009
037
047
044
035
009
049
015
025
016
035
037
002
014
022
047
027
046
015
018
018
022
036
036
011
