0001
0007
0010
0112
0130
0222
0224
0267
0330
0501
0504
0614
0999
1330
1419
1434
1473
1580
1651
1661
1724
1825
1845
2023
2050
2051
2070
2121
2124
2225
2343
2454
2469
2560
2605
2629
2652
2702
2766
2783
2991
2995
3007
3026
3087
3091
3105
3119
3124
3164
3175
3230
3381
3414
3601
3686
3725
3742
3747
3936
3980
4013
4270
4292
4408
4429
4463
4501
4547
4644
4655
4718
4719
4724
4764
4866
4876
4965
4980
5053
5105
5135
5164
5181
5203
5283
5301
5315
5395
5398
5548
5589
5635
5653
5744
5748
5777
5778
5813
5851
5952
5986
6111
6164
6315
6629
6638
6687
6797
6861
6912
6925
6959
7233
7344
7534
7671
7679
7690
7728
7785
7854
7878
8037
8105
8151
8444
8504
8518
8522
8697
8758
8787
8810
8820
8921
8964
8967
8991
9076
9360
9401
9418
9518
9667
9676
9759
9776
9987
9995
