0000
0001
0002
0004
0008
0018
0019
0021
0024
0027
0034
0038
0039
0050
0053
0055
0066
0067
0069
0071
0072
0079
0081
0081
0088
0096
0099
0101
0104
0111
0111
0115
0119
0123
0124
0133
0134
0134
0137
0138
0150
0151
0151
0157
0165
0167
0169
0169
0171
0179
0182
0194
0197
0199
0201
0202
0206
0206
0208
0211
0212
0213
0222
0225
0226
0226
0239
0239
0242
0242
0243
0243
0251
0251
0251
0256
0262
0265
0267
0268
0270
0271
0278
0282
0284
0291
0292
0306
0306
0308
0310
0312
0318
0325
0330
0335
0336
0340
0344
0346
0353
0356
0358
0360
0361
0363
0373
0374
0376
0380
0381
0382
0386
0389
0391
0394
0394
0404
0405
0406
0406
0410
0410
0415
0416
0416
0427
0433
0433
0434
0442
0442
0442
0445
0445
0445
0446
0450
0454
0455
0456
0459
0460
0464
0469
0477
0481
0481
0482
0493
0496
0497
0500
0505
0510
0510
0511
0512
0513
0513
0513
0513
0517
0527
0530
0535
0540
0543
0552
0553
0557
0568
0568
0570
0570
0575
0578
0586
0597
0599
0605
0607
0612
0612
0614
0617
0619
0621
0624
0626
0628
0628
0640
0640
0645
0649
0649
0652
0657
0662
0663
0671
0674
0675
0684
0688
0692
0709
0710
0719
0721
0722
0725
0728
0729
0729
0729
0732
0743
0746
0749
0750
0751
0757
0758
0759
0765
0768
0769
0770
0774
0774
0792
0793
0794
0801
0806
0810
0810
0813
0822
0833
0835
0845
0856
0857
0858
0866
0870
0871
0875
0875
0876
0878
0882
0888
0888
0889
0895
0901
0914
0917
0920
0923
0925
0930
0933
0934
0943
0945
0955
0955
0956
0956
0959
0961
0962
0963
0969
0978
0982
0983
0987
0993
0996
0997
1001
1007
1014
1018
1050
1053
1055
1055
1059
1062
1067
1070
1074
1075
1076
1076
1078
1079
1079
1085
1094
1095
1095
1096
1105
1107
1110
1112
1114
1118
1123
1124
1128
1131
1132
1142
1142
1142
1145
1149
1151
1162
1165
1170
1176
1176
1176
1181
1182
1186
1186
1187
1190
1197
1199
1199
1204
1208
1210
1212
1214
1214
1216
1218
1222
1222
1226
1228
1241
1243
1247
1249
1252
1253
1256
1257
1257
1260
1260
1268
1270
1272
1272
1273
1274
1274
1275
1280
1283
1293
1294
1294
1294
1294
1295
1298
1301
1301
1302
1307
1309
1310
1311
1311
1312
1316
1322
1326
1330
1331
1336
1337
1341
1341
1342
1344
1351
1357
1362
1368
1374
1383
1383
1391
1393
1396
1401
1403
1407
1410
1411
1418
1418
1419
1429
1429
1431
1433
1438
1438
1447
1449
1450
1455
1456
1469
1477
1479
1484
1491
1493
1494
1500
1502
1502
1527
1531
1535
1536
1538
1551
1557
1560
1560
1572
1578
1582
1583
1589
1592
1592
1593
1597
1599
1599
1604
1609
1609
1609
1610
1616
1617
1624
1624
1629
1642
1646
1646
1651
1652
1654
1656
1656
1658
1660
1666
1667
1667
1667
1671
1671
1682
1689
1693
1697
1699
1701
1703
1703
1716
1717
1720
1723
1724
1727
1734
1735
1739
1746
1749
1758
1759
1759
1762
1763
1766
1768
1770
1776
1776
1777
1779
1781
1782
1784
1784
1797
1800
1801
1805
1807
1808
1809
1811
1812
1827
1828
1828
1836
1839
1841
1841
1842
1850
1851
1851
1854
1860
1861
1862
1862
1866
1880
1890
1894
1897
1903
1903
1905
1906
1912
1927
1929
1935
1935
1955
1956
1956
1957
1964
1970
1982
1986
1989
2005
2007
2009
2011
2012
2013
2014
2014
2014
2022
2027
2035
2035
2045
2051
2051
2054
2056
2064
2064
2065
2065
2067
2067
2067
2079
2088
2091
2091
2097
2098
2105
2106
2107
2110
2116
2120
2122
2135
2135
2137
2139
2139
2139
2141
2141
2143
2144
2144
2145
2146
2146
2147
2160
2161
2162
2163
2166
2167
2172
2174
2177
2178
2187
2189
2198
2199
2201
2212
2213
2214
2215
2217
2220
2227
2232
2239
2253
2253
2256
2257
2267
2270
2271
2271
2275
2300
2305
2307
2311
2315
2315
2315
2319
2322
2324
2326
2335
2337
2338
2339
2343
2345
2347
2351
2357
2360
2369
2371
2373
2374
2374
2376
2379
2381
2384
2389
2392
2395
2396
2400
2406
2416
2416
2420
2425
2425
2426
2426
2430
2432
2440
2441
2443
2451
2454
2460
2461
2463
2466
2467
2471
2473
2476
2480
2481
2482
2484
2485
2489
2495
2503
2506
2507
2511
2511
2514
2519
2521
2524
2535
2539
2545
2553
2554
2556
2559
2559
2570
2571
2585
2586
2598
2599
2601
2602
2604
2610
2613
2616
2627
2628
2628
2629
2631
2631
2637
2642
2660
2660
2662
2664
2668
2670
2675
2678
2687
2687
2696
2697
2697
2700
2704
2708
2709
2712
2713
2713
2717
2720
2721
2722
2732
2734
2735
2741
2741
2745
2746
2747
2756
2758
2763
2764
2766
2769
2770
2772
2777
2779
2782
2788
2789
2789
2792
2797
2802
2805
2805
2810
2811
2814
2815
2817
2820
2821
2825
2828
2828
2829
2829
2837
2837
2839
2840
2841
2842
2849
2851
2852
2855
2857
2858
2864
2868
2870
2876
2877
2878
2881
2883
2886
2886
2886
2886
2887
2891
2899
2903
2905
2907
2909
2912
2913
2919
2924
2934
2936
2940
2940
2944
2946
2947
2952
2953
2955
2957
2961
2961
2964
2965
2976
2982
2989
2990
2990
2990
3000
3000
3001
3004
3010
3015
3018
3020
3026
3029
3031
3032
3033
3034
3035
3035
3037
3040
3041
3042
3053
3058
3059
3060
3074
3079
3079
3080
3081
3083
3091
3093
3103
3118
3121
3122
3122
3124
3128
3129
3135
3138
3143
3143
3146
3146
3147
3149
3150
3154
3156
3160
3161
3162
3165
3167
3169
3171
3171
3172
3175
3179
3192
3194
3194
3196
3200
3211
3215
3225
3227
3227
3228
3228
3236
3240
3242
3243
3246
3248
3253
3254
3254
3255
3262
3268
3275
3277
3284
3297
3300
3300
3301
3309
3313
3315
3323
3326
3327
3328
3335
3344
3350
3350
3351
3353
3371
3371
3372
3374
3380
3383
3384
3384
3385
3390
3394
3394
3397
3399
3399
3399
3407
3407
3409
3411
3416
3417
3418
3424
3426
3431
3433
3434
3442
3450
3453
3458
3466
3469
3469
3481
3493
3495
3498
3502
3506
3507
3512
3513
3513
3518
3521
3521
3526
3527
3530
3537
3538
3538
3540
3541
3544
3546
3546
3550
3554
3555
3557
3564
3566
3572
3575
3581
3582
3584
3601
3601
3603
3603
3603
3613
3614
3618
3622
3622
3628
3631
3634
3642
3642
3648
3654
3657
3659
3659
3661
3667
3669
3671
3672
3672
3675
3678
3684
3685
3687
3688
3692
3692
3692
3694
3694
3695
3702
3705
3712
3718
3719
3723
3733
3742
3751
3759
3762
3778
3778
3778
3782
3789
3790
3802
3802
3803
3806
3808
3813
3815
3817
3817
3818
3823
3824
3827
3827
3828
3829
3842
3844
3845
3846
3847
3850
3852
3861
3862
3869
3871
3872
3873
3873
3873
3875
3877
3877
3880
3888
3893
3894
3901
3902
3903
3905
3907
3908
3910
3911
3913
3919
3923
3924
3929
3930
3932
3933
3935
3943
3943
3946
3946
3949
3950
3950
3953
3954
3954
3960
3960
3963
3969
3970
3974
3988
3989
3989
3995
3998
4003
4007
4009
4011
4011
4016
4030
4031
4032
4034
4035
4036
4036
4043
4052
4053
4054
4057
4060
4061
4061
4062
4065
4067
4070
4078
4083
4085
4086
4091
4091
4106
4113
4115
4120
4122
4124
4125
4126
4126
4129
4131
4132
4139
4141
4142
4142
4145
4149
4153
4154
4154
4155
4157
4157
4160
4165
4167
4168
4180
4183
4205
4205
4207
4219
4222
4226
4229
4231
4238
4249
4251
4252
4254
4257
4261
4264
4267
4267
4271
4278
4279
4281
4292
4300
4304
4311
4311
4312
4320
4329
4336
4346
4346
4348
4351
4355
4357
4362
4366
4373
4382
4382
4394
4399
4404
4404
4415
4415
4415
4416
4420
4420
4425
4426
4431
4432
4435
4438
4439
4443
4445
4446
4454
4458
4461
4461
4463
4472
4476
4477
4480
4485
4493
4494
4498
4500
4505
4505
4507
4507
4510
4521
4524
4525
4529
4530
4530
4532
4532
4533
4535
4541
4547
4547
4553
4557
4558
4561
4574
4574
4579
4601
4603
4605
4606
4609
4612
4613
4617
4619
4626
4627
4640
4646
4650
4652
4659
4660
4660
4663
4667
4671
4676
4678
4679
4679
4688
4692
4695
4697
4702
4706
4715
4718
4722
4724
4738
4742
4743
4743
4746
4747
4749
4749
4750
4768
4774
4775
4787
4787
4791
4794
4796
4797
4801
4809
4813
4813
4817
4823
4826
4830
4831
4833
4840
4843
4844
4844
4846
4847
4849
4849
4853
4853
4855
4860
4860
4862
4866
4868
4869
4872
4875
4876
4879
4885
4891
4898
4901
4903
4903
4903
4905
4909
4909
4913
4928
4930
4930
4939
4941
4944
4944
4945
4947
4954
4955
4956
4959
4959
4960
4960
4961
4961
4970
4971
4973
4978
4978
4984
4985
4987
4989
4993
4996
5010
5016
5018
5018
5022
5025
5028
5030
5035
5038
5047
5049
5052
5062
5068
5076
5089
5091
5097
5098
5111
5112
5115
5115
5117
5117
5121
5127
5128
5136
5137
5143
5144
5147
5156
5158
5160
5161
5163
5171
5172
5175
5178
5179
5183
5184
5186
5199
5205
5208
5210
5210
5211
5215
5217
5227
5237
5238
5246
5248
5250
5255
5257
5258
5258
5261
5261
5263
5265
5266
5267
5269
5269
5270
5271
5280
5284
5286
5288
5291
5293
5297
5298
5301
5312
5312
5323
5325
5327
5328
5328
5331
5334
5334
5335
5339
5339
5344
5346
5354
5356
5359
5360
5362
5364
5366
5369
5372
5384
5386
5395
5395
5398
5401
5405
5406
5407
5409
5410
5410
5412
5414
5420
5421
5423
5423
5424
5427
5429
5430
5433
5438
5446
5447
5451
5454
5455
5455
5456
5457
5457
5462
5467
5468
5473
5477
5479
5483
5484
5487
5489
5491
5495
5498
5502
5508
5509
5510
5512
5513
5513
5516
5530
5544
5546
5548
5550
5550
5552
5554
5555
5559
5561
5574
5574
5576
5580
5583
5591
5594
5596
5602
5609
5613
5613
5619
5620
5621
5622
5622
5627
5632
5632
5632
5633
5636
5637
5638
5640
5643
5645
5650
5654
5658
5660
5661
5663
5666
5669
5674
5676
5680
5684
5690
5697
5700
5701
5702
5709
5709
5709
5723
5726
5726
5731
5732
5732
5733
5736
5737
5739
5747
5752
5752
5753
5754
5758
5760
5761
5762
5764
5776
5781
5785
5785
5786
5793
5795
5795
5795
5805
5807
5811
5813
5815
5817
5820
5822
5822
5826
5826
5829
5838
5840
5850
5850
5851
5856
5859
5866
5869
5871
5872
5873
5874
5877
5880
5882
5884
5884
5887
5888
5891
5892
5893
5896
5900
5908
5908
5909
5912
5925
5926
5929
5934
5937
5938
5940
5943
5943
5944
5945
5947
5960
5963
5965
5966
5968
5968
5969
5969
5975
5976
5981
5981
5995
6003
6006
6010
6015
6017
6025
6026
6027
6033
6040
6043
6050
6051
6054
6065
6065
6068
6068
6069
6070
6074
6075
6078
6083
6085
6089
6094
6095
6097
6098
6102
6104
6109
6111
6114
6117
6124
6134
6138
6139
6141
6142
6149
6150
6161
6163
6168
6171
6176
6184
6188
6189
6190
6196
6199
6206
6212
6218
6219
6220
6222
6226
6227
6235
6236
6238
6239
6242
6242
6247
6250
6256
6258
6260
6261
6262
6271
6272
6284
6297
6308
6310
6312
6314
6318
6319
6324
6327
6328
6330
6333
6337
6344
6345
6346
6350
6352
6357
6358
6358
6366
6375
6376
6376
6377
6380
6382
6385
6389
6391
6391
6392
6394
6394
6398
6405
6412
6415
6417
6424
6425
6427
6430
6439
6439
6440
6449
6457
6465
6467
6468
6470
6471
6473
6483
6489
6492
6492
6497
6505
6506
6506
6508
6510
6511
6512
6516
6519
6519
6520
6521
6529
6530
6530
6531
6541
6545
6546
6547
6547
6549
6561
6564
6564
6567
6567
6569
6572
6574
6577
6583
6585
6585
6587
6587
6588
6589
6590
6590
6603
6604
6606
6607
6616
6620
6621
6622
6622
6630
6630
6633
6635
6642
6646
6648
6652
6653
6653
6654
6655
6660
6666
6668
6676
6680
6683
6684
6685
6692
6692
6709
6709
6714
6721
6726
6733
6734
6742
6748
6750
6750
6751
6753
6753
6754
6757
6765
6770
6770
6774
6777
6786
6786
6788
6793
6796
6797
6797
6800
6806
6807
6807
6811
6819
6821
6826
6841
6843
6844
6846
6846
6851
6852
6855
6858
6862
6863
6870
6872
6873
6879
6880
6886
6893
6893
6903
6904
6904
6909
6911
6912
6913
6918
6920
6921
6922
6926
6927
6927
6930
6937
6938
6941
6944
6953
6955
6957
6961
6965
6969
6969
6977
6981
6983
6983
6985
6986
6988
6992
6992
7004
7009
7010
7012
7012
7013
7017
7018
7027
7031
7046
7046
7053
7057
7059
7059
7066
7067
7075
7080
7080
7083
7085
7085
7087
7087
7098
7101
7109
7109
7111
7112
7116
7117
7118
7119
7121
7128
7131
7131
7132
7132
7134
7135
7135
7135
7136
7140
7144
7145
7148
7149
7150
7151
7151
7154
7156
7156
7158
7163
7170
7171
7171
7173
7173
7180
7182
7184
7198
7198
7204
7206
7206
7209
7211
7212
7214
7217
7222
7224
7229
7230
7231
7233
7235
7238
7239
7240
7240
7243
7245
7251
7253
7254
7260
7261
7262
7262
7262
7266
7266
7271
7272
7274
7275
7282
7284
7286
7286
7291
7291
7292
7292
7294
7294
7296
7298
7298
7300
7303
7306
7308
7315
7319
7321
7336
7337
7338
7352
7362
7367
7378
7382
7386
7392
7395
7397
7398
7403
7406
7407
7410
7411
7413
7421
7436
7445
7451
7454
7457
7458
7459
7463
7468
7470
7474
7476
7478
7480
7483
7487
7488
7488
7491
7493
7496
7497
7500
7502
7503
7503
7514
7516
7521
7521
7525
7525
7527
7530
7548
7548
7552
7555
7559
7559
7560
7563
7568
7572
7573
7576
7580
7581
7588
7589
7590
7595
7606
7608
7610
7612
7615
7620
7621
7622
7624
7625
7629
7632
7635
7639
7640
7641
7647
7653
7657
7659
7660
7665
7666
7666
7670
7674
7676
7676
7686
7693
7696
7698
7699
7703
7704
7708
7712
7719
7721
7726
7727
7739
7741
7746
7747
7748
7750
7751
7752
7756
7756
7758
7763
7766
7767
7774
7774
7781
7792
7793
7797
7802
7806
7806
7808
7811
7823
7825
7836
7841
7841
7843
7845
7846
7849
7851
7864
7868
7869
7872
7879
7879
7881
7884
7884
7893
7894
7897
7902
7907
7910
7914
7917
7920
7926
7928
7930
7931
7932
7935
7937
7944
7945
7946
7955
7958
7961
7964
7964
7967
7968
7968
7972
7973
7977
7983
7986
7987
7997
7999
7999
8000
8004
8005
8006
8009
8017
8018
8020
8020
8022
8023
8026
8030
8031
8036
8043
8043
8046
8054
8056
8056
8060
8061
8064
8066
8068
8074
8079
8084
8089
8103
8105
8109
8112
8115
8116
8118
8118
8119
8128
8134
8146
8148
8151
8153
8155
8157
8157
8159
8168
8174
8177
8177
8180
8181
8182
8185
8191
8195
8195
8195
8206
8209
8213
8214
8216
8222
8233
8234
8242
8243
8245
8248
8249
8249
8249
8251
8255
8255
8261
8270
8271
8273
8277
8283
8291
8291
8292
8296
8300
8308
8311
8314
8316
8320
8326
8327
8327
8329
8330
8344
8346
8348
8349
8350
8357
8359
8370
8371
8375
8378
8380
8381
8390
8405
8405
8411
8417
8420
8421
8423
8428
8429
8430
8431
8432
8434
8438
8440
8442
8451
8452
8455
8457
8460
8471
8474
8481
8487
8490
8492
8499
8504
8508
8509
8511
8512
8514
8516
8517
8518
8521
8522
8539
8542
8544
8544
8545
8545
8549
8551
8563
8563
8564
8565
8566
8566
8570
8571
8576
8577
8579
8584
8587
8589
8592
8596
8599
8605
8606
8618
8620
8621
8635
8649
8650
8651
8652
8667
8668
8680
8682
8683
8688
8691
8695
8695
8703
8703
8704
8704
8705
8711
8712
8716
8720
8720
8727
8727
8730
8731
8732
8733
8733
8735
8736
8736
8745
8746
8747
8749
8749
8762
8767
8768
8770
8773
8777
8778
8782
8793
8803
8804
8809
8809
8811
8812
8815
8820
8823
8825
8834
8835
8843
8845
8847
8850
8853
8853
8859
8861
8862
8865
8868
8877
8882
8883
8885
8888
8892
8893
8894
8894
8895
8897
8897
8898
8905
8906
8911
8912
8912
8912
8915
8915
8921
8922
8925
8925
8925
8928
8932
8932
8932
8936
8937
8939
8941
8947
8947
8947
8953
8959
8965
8968
8969
8972
8974
8976
8976
8984
8987
8994
9000
9001
9010
9013
9017
9019
9021
9023
9023
9025
9027
9037
9038
9045
9050
9077
9082
9083
9086
9086
9093
9095
9096
9097
9106
9106
9108
9109
9112
9121
9124
9128
9136
9141
9143
9147
9159
9161
9163
9167
9172
9180
9182
9186
9191
9192
9194
9197
9205
9208
9213
9214
9221
9223
9228
9233
9234
9236
9236
9236
9237
9240
9242
9243
9243
9246
9257
9259
9264
9264
9268
9268
9269
9272
9277
9282
9289
9290
9290
9292
9293
9294
9294
9294
9314
9318
9320
9324
9325
9327
9327
9328
9333
9344
9344
9347
9376
9378
9383
9385
9390
9400
9400
9401
9411
9413
9416
9420
9423
9432
9436
9438
9446
9450
9451
9457
9457
9458
9467
9467
9469
9470
9471
9472
9486
9487
9487
9494
9496
9497
9500
9501
9502
9503
9505
9506
9509
9511
9511
9512
9513
9515
9519
9521
9525
9526
9532
9534
9540
9541
9542
9544
9545
9549
9549
9549
9550
9558
9560
9563
9567
9569
9581
9584
9584
9588
9588
9595
9596
9596
9598
9620
9620
9621
9622
9622
9624
9625
9628
9628
9639
9640
9640
9641
9642
9643
9654
9658
9665
9665
9665
9666
9672
9674
9676
9679
9680
9684
9684
9686
9688
9691
9692
9698
9702
9722
9729
9731
9734
9749
9752
9754
9762
9762
9767
9773
9773
9775
9779
9781
9782
9782
9784
9784
9788
9795
9799
9799
9815
9820
9821
9821
9823
9823
9827
9829
9832
9837
9838
9842
9842
9847
9853
9853
9855
9861
9861
9865
9869
9870
9875
9877
9880
9885
9893
9894
9896
9900
9902
9904
9905
9908
9909
9911
9912
9913
9914
9919
9922
9923
9927
9930
9931
9932
9940
9941
9942
9942
9944
9945
9945
9950
9955
9957
9958
9967
9969
9972
9976
9976
9979
9991
9995
